Running Sim0_1
Waf: Entering directory `/home/kajihara/backoff/build'
Waf: Leaving directory `/home/kajihara/backoff/build'
Build commands will be stored in build/compile_commands.json
'build' finished successfully (0.412s)
Uplink interval:+441000.0ns Downlink interval:+0.0ns
ApplicationTxStart: 1 Duration: 5
nBss: 1 nStas/Bss: 15 => nStas: 15
BO 0 0 7
CW 1000151 1 31
BO 1000151 1 20
CW 1000151 2 31
BO 1000151 2 14
CW 1000151 3 31
BO 1000151 3 10
CW 1000151 4 31
BO 1000151 4 8
CW 1000151 5 31
BO 1000151 5 13
CW 1000151 6 31
BO 1000151 6 27
CW 1000151 7 31
BO 1000151 7 24
CW 1000151 8 31
BO 1000151 8 8
CW 1000151 9 31
BO 1000151 9 2
CW 1000151 10 31
BO 1000151 10 21
CW 1000151 11 31
BO 1000151 11 25
CW 1000151 12 31
BO 1000151 12 25
CW 1000151 13 31
BO 1000151 13 13
CW 1000151 14 31
BO 1000151 14 15
CW 1000151 15 31
BO 1000151 15 18
BO 1000288 0 4
CW 1000348 9 15
BO 1000348 9 12
BO 1000563 0 10
CW 1000757 4 63
BO 1000757 4 62
CW 1000757 8 63
BO 1000757 8 19
CW 1000870 3 15
BO 1000870 3 13
CW 1001082 5 63
BO 1001082 5 44
CW 1001082 13 63
BO 1001082 13 18
CW 1001186 2 15
BO 1001186 2 3
CW 1001380 14 63
BO 1001380 14 26
CW 1001532 9 31
BO 1001532 9 13
CW 1001669 15 63
BO 1001669 15 45
CW 1001669 0 31
BO 1001669 0 1
CW 1001782 1 15
BO 1001782 1 10
BO 1001870 3 12
CW 1001961 10 15
BO 1001961 10 4
BO 1002080 2 1
CW 1002140 0 15
BO 1002140 0 12
CW 1002343 7 63
BO 1002343 7 63
CW 1002495 2 31
BO 1002495 2 22
CW 1002614 11 63
BO 1002614 11 53
CW 1002614 12 63
BO 1002614 12 26
CW 1002727 6 15
BO 1002727 6 9
BO 1002782 1 10
CW 1002924 8 15
BO 1002924 8 5
BO 1002961 10 15
CW 1003248 9 15
BO 1003248 9 12
CW 1003427 13 15
BO 1003427 13 6
BO 1003727 6 7
BO 1003742 3 6
BO 1003921 0 1
BO 1003924 8 9
BO 1004109 0 12
BO 1004433 1 6
BO 1004748 13 9
CW 1004951 14 127
BO 1004951 14 35
CW 1005103 6 31
BO 1005103 6 8
BO 1005361 8 11
BO 1005676 10 13
CW 1006000 2 15
BO 1006000 2 9
BO 1006188 0 12
CW 1006409 12 127
BO 1006409 12 78
CW 1006561 6 63
BO 1006561 6 12
CW 1006701 5 15
BO 1006701 5 13
BO 1006907 0 11
CW 1007104 15 15
BO 1007104 15 11
CW 1007352 4 127
BO 1007352 4 92
CW 1007504 5 31
BO 1007504 5 11
BO 1007617 0 2
CW 1007829 0 31
BO 1007829 0 30
CW 1007829 14 255
BO 1007829 14 230
CW 1007981 15 31
BO 1007981 15 20
CW 1008103 11 15
BO 1008103 11 4
CW 1008463 5 15
BO 1008463 5 1
CW 1008642 7 15
BO 1008642 7 15
CW 1009074 15 15
BO 1009074 15 6
BO 1009103 11 2
BO 1009407 11 10
CW 1009613 0 15
BO 1009613 0 9
BO 1009642 7 13
BO 1009873 0 4
BO 1010215 7 13
BO 1010394 0 9
CW 1010645 12 15
BO 1010645 12 6
BO 1010824 0 10
BO 1011184 12 14
BO 1011399 0 7
BO 1011641 0 3
BO 1011868 0 10
CW 1011928 4 15
BO 1011928 4 10
BO 1012137 4 5
BO 1012197 0 9
BO 1012557 4 7
BO 1013801 0 10
CW 1013861 14 15
BO 1013861 14 10
BO 1014070 14 12
BO 1014070 1 12
BO 1014070 2 2
BO 1014070 3 1
BO 1014070 4 11
BO 1014070 5 1
BO 1014070 6 51
BO 1014070 7 9
BO 1014070 8 14
BO 1014070 9 14
BO 1014070 10 11
BO 1014070 11 0
BO 1014070 12 12
BO 1014070 13 10
BO 1014070 15 7
BO 1014130 0 1
BO 1014445 11 7
CW 1014791 3 31
BO 1014791 3 22
CW 1014791 5 31
BO 1014791 5 27
BO 1015227 2 6
BO 1015962 15 3
BO 1016853 11 10
CW 1017991 2 31
BO 1017991 2 30
CW 1018371 7 31
BO 1018371 7 9
BO 1020295 13 14
CW 1022765 15 31
BO 1022765 15 10
CW 1023333 4 31
BO 1023333 4 19
CW 1023333 10 31
BO 1023333 10 15
CW 1027404 1 31
BO 1027404 1 15
CW 1027404 12 31
BO 1027404 12 12
CW 1027596 14 31
BO 1027596 14 17
CW 1033008 8 31
BO 1033008 8 25
CW 1033008 9 31
BO 1033008 9 23
BO 1038388 11 9
CW 1043839 7 15
BO 1043839 7 8
CW 1049299 15 15
BO 1049299 15 13
CW 1054827 3 63
BO 1054827 3 40
CW 1054827 13 31
BO 1054827 13 14
CW 1054827 12 63
BO 1054827 12 41
CW 1060248 10 63
BO 1060248 10 22
CW 1060248 1 63
BO 1060248 1 5
CW 1065651 11 31
BO 1065651 11 9
CW 1065651 7 31
BO 1065651 7 24
CW 1070995 5 15
BO 1070995 5 6
CW 1076514 14 63
BO 1076514 14 27
CW 1076514 4 63
BO 1076514 4 26
CW 1081876 1 15
BO 1081876 1 7
BO 1087327 15 4
BO 1092778 5 2
CW 1098306 5 31
BO 1098306 5 29
CW 1098306 11 63
BO 1098306 11 17
CW 1098306 2 63
BO 1098306 2 45
BO 1103650 15 4
CW 1109169 13 63
BO 1109169 13 61
CW 1109169 9 63
BO 1109169 9 42
CW 1109169 1 31
BO 1109169 1 10
CW 1114522 8 15
BO 1114522 8 6
BO 1119973 15 6
CW 1125460 6 15
BO 1125460 6 9
CW 1130970 10 127
BO 1130970 10 24
CW 1130970 8 31
BO 1130970 8 2
BO 1136314 15 7
CW 1141774 7 15
BO 1141774 7 9
CW 1147284 1 63
BO 1147284 1 28
CW 1147284 8 63
BO 1147284 8 22
CW 1152646 11 15
BO 1152646 11 8
CW 1158165 6 31
BO 1158165 6 30
CW 1158165 15 31
BO 1158165 15 10
CW 1163509 4 15
BO 1163509 4 14
CW 1168960 14 15
BO 1168960 14 11
BO 1174420 7 14
BO 1179889 11 10
CW 1185340 3 15
BO 1185340 3 3
CW 1190791 12 15
BO 1190791 12 11
CW 1196242 5 15
BO 1196242 5 12
CW 1201761 3 31
BO 1201761 3 23
CW 1201761 15 63
BO 1201761 15 35
BO 1207114 14 1
CW 1212633 14 31
BO 1212633 14 30
CW 1212633 4 31
BO 1212633 4 10
CW 1217977 10 15
BO 1217977 10 6
BO 1223428 11 12
BO 1228879 7 7
CW 1234398 8 127
BO 1234398 8 23
CW 1234398 12 31
BO 1234398 12 17
BO 1239751 5 13
BO 1245202 10 15
CW 1250662 2 15
BO 1250662 2 5
CW 1256172 1 127
BO 1256172 1 77
CW 1256172 9 127
BO 1256172 9 114
CW 1256172 7 31
BO 1256172 7 22
CW 1261516 4 15
BO 1261516 4 1
BO 1266976 4 2
BO 1272427 11 6
CW 1277937 2 31
BO 1277937 2 16
CW 1277937 6 63
BO 1277937 6 23
BO 1283281 4 5
BO 1288759 5 5
CW 1294269 3 63
BO 1294269 3 26
CW 1294269 11 31
BO 1294269 11 1
BO 1299613 4 1
BO 1305064 10 1
CW 1310574 4 31
BO 1310574 4 12
CW 1310574 12 63
BO 1310574 12 25
CW 1310574 11 63
BO 1310574 11 47
BO 1315918 10 2
BO 1321369 5 5
BO 1326829 10 14
CW 1332280 13 15
BO 1332280 13 10
CW 1337731 8 15
BO 1337731 8 12
CW 1343182 14 15
BO 1343182 14 2
BO 1348633 5 4
CW 1354143 2 63
BO 1354143 2 33
CW 1354143 15 127
BO 1354143 15 84
CW 1359546 14 31
BO 1359546 14 26
CW 1359546 7 63
BO 1359546 7 58
BO 1364908 5 14
CW 1370359 4 15
BO 1370359 4 1
CW 1375878 4 31
BO 1375878 4 1
CW 1375878 6 127
BO 1375878 6 92
CW 1375878 13 31
BO 1375878 13 0
BO 1375878 13 25
CW 1381299 10 31
BO 1381299 10 18
CW 1381299 8 31
BO 1381299 8 19
CW 1386652 4 15
BO 1386652 4 9
CW 1392130 3 15
BO 1392130 3 7
CW 1397590 12 15
BO 1397590 12 7
BO 1403041 5 8
BO 1408510 4 13
BO 1413970 3 15
BO 1419430 12 15
BO 1424890 5 8
CW 1430418 10 63
BO 1430418 10 46
CW 1430418 14 63
BO 1430418 14 23
CW 1435762 8 15
BO 1435762 8 12
CW 1441231 2 15
BO 1441231 2 11
CW 1446741 13 63
BO 1446741 13 61
CW 1446741 4 31
BO 1446741 4 4
BO 1452085 5 4
CW 1457613 11 127
BO 1457613 11 117
CW 1457613 3 31
BO 1457613 3 26
CW 1463025 5 31
BO 1463025 5 14
CW 1463025 12 31
BO 1463025 12 9
CW 1463025 4 63
BO 1463025 4 53
BO 1468387 8 1
CW 1473906 8 31
BO 1473906 8 4
CW 1473906 2 31
BO 1473906 2 17
CW 1479313 12 15
BO 1479313 12 8
CW 1484823 14 127
BO 1484823 14 62
CW 1484823 1 255
BO 1484823 1 86
CW 1490253 5 63
BO 1490253 5 34
CW 1490253 8 63
BO 1490253 8 21
CW 1495615 7 15
BO 1495615 7 5
BO 1501066 12 15
CW 1506612 7 31
BO 1506612 7 18
CW 1506612 3 63
BO 1506612 3 38
CW 1511983 2 15
BO 1511983 2 11
CW 1517479 10 15
BO 1517479 10 12
BO 1522930 12 10
CW 1528476 8 127
BO 1528476 8 43
CW 1528476 2 31
BO 1528476 2 30
CW 1533820 15 15
BO 1533820 15 3
BO 1539298 15 12
BO 1544749 12 6
CW 1550259 7 63
BO 1550259 7 20
CW 1550259 10 31
BO 1550259 10 28
CW 1555603 9 15
BO 1555603 9 6
CW 1561149 5 127
BO 1561149 5 42
CW 1561149 12 31
BO 1561149 12 28
CW 1566552 4 127
BO 1566552 4 52
CW 1566552 13 127
BO 1566552 13 63
BO 1571896 9 13
CW 1577424 6 255
BO 1577424 6 167
CW 1577424 15 31
BO 1577424 15 18
CW 1582840 3 15
BO 1582840 3 4
CW 1588359 7 127
BO 1588359 7 26
CW 1588359 9 31
BO 1588359 9 3
CW 1593780 3 31
BO 1593780 3 27
CW 1593780 2 63
BO 1593780 2 28
CW 1599151 9 15
BO 1599151 9 9
CW 1604602 10 15
BO 1604602 10 9
CW 1610053 14 15
BO 1610053 14 8
CW 1615540 12 15
BO 1615540 12 4
CW 1621000 8 15
BO 1621000 8 13
CW 1626510 15 63
BO 1626510 15 32
CW 1626510 9 31
BO 1626510 9 11
CW 1631913 14 31
BO 1631913 14 8
CW 1631913 10 31
BO 1631913 10 25
BO 1637257 12 6
BO 1642762 12 12
CW 1648281 14 63
BO 1648281 14 52
CW 1648281 5 255
BO 1648281 5 154
CW 1653693 9 63
BO 1653693 9 41
CW 1653693 7 255
BO 1653693 7 239
CW 1653693 8 31
BO 1653693 8 20
CW 1659055 1 15
BO 1659055 1 4
CW 1664515 3 15
BO 1664515 3 13
CW 1669966 2 15
BO 1669966 2 7
BO 1675426 1 12
CW 1680936 4 255
BO 1680936 4 254
CW 1680936 12 31
BO 1680936 12 19
BO 1686316 2 6
CW 1691767 10 15
BO 1691767 10 10
CW 1697218 11 15
BO 1697218 11 2
CW 1702746 11 31
BO 1702746 11 18
CW 1702746 3 31
BO 1702746 3 21
CW 1708090 13 15
BO 1708090 13 11
CW 1713600 15 127
BO 1713600 15 43
CW 1713600 1 31
BO 1713600 1 18
CW 1713600 2 31
BO 1713600 2 29
CW 1718962 8 15
BO 1718962 8 5
BO 1724422 10 15
BO 1729900 8 11
BO 1735360 13 1
CW 1740879 13 31
BO 1740879 13 27
CW 1740879 12 63
BO 1740879 12 0
BO 1740879 12 23
CW 1746259 11 15
BO 1746259 11 6
CW 1751787 3 63
BO 1751787 3 22
CW 1751787 10 31
BO 1751787 10 19
CW 1751787 8 31
BO 1751787 8 29
CW 1757131 1 15
BO 1757131 1 3
CW 1762591 9 15
BO 1762591 9 11
BO 1768042 11 2
BO 1773493 1 8
BO 1778953 11 14
CW 1784431 14 15
BO 1784431 14 15
CW 1789882 2 15
BO 1789882 2 0
BO 1789882 2 10
BO 1795342 1 2
BO 1800793 9 1
CW 1806312 9 31
BO 1806312 9 31
CW 1806312 1 31
BO 1806312 1 11
CW 1811742 10 63
BO 1811742 10 50
CW 1811742 12 127
BO 1811742 12 127
BO 1817086 11 4
BO 1822537 2 14
CW 1827988 3 15
BO 1827988 3 5
CW 1833439 13 15
BO 1833439 13 14
CW 1838890 15 15
BO 1838890 15 3
CW 1844400 11 31
BO 1844400 11 13
CW 1844400 14 31
BO 1844400 14 12
CW 1849821 15 31
BO 1849821 15 3
CW 1849821 3 31
BO 1849821 3 23
CW 1855165 8 15
BO 1855165 8 7
CW 1860625 1 15
BO 1860625 1 10
CW 1866085 15 15
BO 1866085 15 7
BO 1871554 2 10
BO 1877005 8 13
BO 1882456 13 8
CW 1887984 15 31
BO 1887984 15 7
CW 1887984 14 63
BO 1887984 14 39
CW 1893387 11 63
BO 1893387 11 3
CW 1893387 1 31
BO 1893387 1 22
CW 1898826 2 31
BO 1898826 2 9
CW 1898826 13 31
BO 1898826 13 16
CW 1904188 15 15
BO 1904188 15 1
CW 1909698 11 127
BO 1909698 11 72
CW 1909698 9 63
BO 1909698 9 51
CW 1909698 8 31
BO 1909698 8 16
BO 1915042 15 11
CW 1920493 3 15
BO 1920493 3 11
CW 1925998 2 15
BO 1925998 2 2
BO 1931467 2 14
BO 1936918 15 8
BO 1942369 3 3
CW 1947829 13 15
BO 1947829 13 15
CW 1953348 3 31
BO 1953348 3 20
CW 1953348 8 63
BO 1953348 8 30
CW 1958692 1 15
BO 1958692 1 14
CW 1964143 10 15
BO 1964143 10 14
BO 1969603 15 7
BO 1975090 2 2
CW 1980618 2 31
BO 1980618 2 20
CW 1980618 15 31
BO 1980618 15 2
CW 1985962 14 15
BO 1985962 14 1
BO 1991413 13 5
BO 1996864 14 10
CW 2002374 1 31
BO 2002374 1 15
CW 2002374 15 63
BO 2002374 15 18
BO 2007718 10 10
BO 2013187 13 5
CW 2018647 3 15
BO 2018647 3 15
CW 2024098 6 15
BO 2024098 6 1
BO 2029558 6 8
CW 2035068 13 31
BO 2035068 13 28
CW 2035068 14 31
BO 2035068 14 25
BO 2040421 10 14
CW 2045899 8 15
BO 2045899 8 5
CW 2051350 1 15
BO 2051350 1 14
CW 2056860 2 63
BO 2056860 2 55
CW 2056860 6 31
BO 2056860 6 7
CW 2062204 9 15
BO 2062204 9 10
CW 2067655 15 15
BO 2067655 15 5
CW 2073174 8 31
BO 2073174 8 7
CW 2073174 3 31
BO 2073174 3 17
CW 2078604 15 31
BO 2078604 15 0
BO 2078604 15 18
CW 2078604 5 511
BO 2078604 5 496
CW 2084007 6 63
BO 2084007 6 43
CW 2084007 10 31
BO 2084007 10 19
BO 2089369 9 5
BO 2094829 1 6
CW 2100289 8 15
BO 2100289 8 13
BO 2105749 9 10
CW 2111209 14 15
BO 2111209 14 7
BO 2116660 1 13
CW 2122111 11 15
BO 2122111 11 9
CW 2127562 13 15
BO 2127562 13 2
CW 2133090 13 31
BO 2133090 13 13
CW 2133090 3 63
BO 2133090 3 31
CW 2138502 15 63
BO 2138502 15 10
CW 2138502 14 31
BO 2138502 14 1
BO 2143846 9 13
BO 2149297 8 1
CW 2154748 14 15
BO 2154748 14 11
CW 2160258 8 31
BO 2160258 8 16
CW 2160258 10 63
BO 2160258 10 25
CW 2160258 11 31
BO 2160258 11 9
BO 2165620 1 4
CW 2171166 1 31
BO 2171166 1 2
CW 2171166 15 127
BO 2171166 15 102
CW 2176519 13 15
BO 2176519 13 7
CW 2182029 9 31
BO 2182029 9 27
CW 2182029 14 31
BO 2182029 14 28
CW 2187441 11 63
BO 2187441 11 32
CW 2187441 12 255
BO 2187441 12 163
CW 2187441 1 63
BO 2187441 1 5
BO 2192821 13 13
CW 2198281 8 15
BO 2198281 8 1
BO 2203741 8 6
CW 2209260 1 127
BO 2209260 1 75
CW 2209260 6 127
BO 2209260 6 10
CW 2214604 2 15
BO 2214604 2 10
CW 2220073 3 15
BO 2220073 3 3
CW 2225583 8 31
BO 2225583 8 11
CW 2225583 10 127
BO 2225583 10 37
CW 2231004 3 31
BO 2231004 3 27
CW 2231004 13 31
BO 2231004 13 25
CW 2236434 6 255
BO 2236434 6 185
CW 2236434 2 31
BO 2236434 2 8
CW 2241814 9 15
BO 2241814 9 11
CW 2247265 14 15
BO 2247265 14 5
CW 2252725 8 15
BO 2252725 8 7
BO 2258203 14 15
CW 2263663 2 15
BO 2263663 2 8
CW 2269114 11 15
BO 2269114 11 7
BO 2274565 8 1
BO 2280016 9 1
BO 2285467 8 1
BO 2290918 9 12
BO 2296369 8 2
CW 2301897 8 31
BO 2301897 8 22
CW 2301897 2 31
BO 2301897 2 17
CW 2301897 11 31
BO 2301897 11 2
CW 2307259 13 15
BO 2307259 13 15
CW 2312778 3 63
BO 2312778 3 35
CW 2312778 7 511
BO 2312778 7 204
CW 2312778 14 31
BO 2312778 14 16
CW 2318122 11 15
BO 2318122 11 1
BO 2323582 11 14
BO 2329033 9 14
CW 2334493 10 15
BO 2334493 10 4
BO 2339980 10 8
BO 2345449 13 2
CW 2350909 2 15
BO 2350909 2 11
BO 2356360 13 15
CW 2361870 14 63
BO 2361870 14 58
CW 2361870 11 31
BO 2361870 11 26
BO 2367214 9 7
BO 2372665 10 11
CW 2378116 8 15
BO 2378116 8 14
CW 2383603 4 15
BO 2383603 4 2
BO 2389054 9 4
BO 2394505 2 4
BO 2399956 4 6
CW 2405484 9 31
BO 2405484 9 11
CW 2405484 10 31
BO 2405484 10 24
CW 2410887 2 31
BO 2410887 2 9
CW 2410887 13 31
BO 2410887 13 5
CW 2416308 4 31
BO 2416308 4 20
CW 2416308 8 31
BO 2416308 8 13
CW 2421711 3 127
BO 2421711 3 38
CW 2421711 1 255
BO 2421711 1 99
CW 2427091 13 15
BO 2427091 13 13
CW 2432560 9 15
BO 2432560 9 13
CW 2438070 2 63
BO 2438070 2 17
CW 2438070 11 63
BO 2438070 11 61
CW 2443432 15 15
BO 2443432 15 15
CW 2448892 8 15
BO 2448892 8 1
BO 2454352 8 9
BO 2459821 13 12
CW 2465340 4 63
BO 2465340 4 63
CW 2465340 10 63
BO 2465340 10 60
BO 2470684 9 4
BO 2476162 8 7
BO 2481613 9 11
BO 2487064 15 14
CW 2492524 2 15
BO 2492524 2 11
BO 2497984 13 0
BO 2497984 13 9
BO 2503444 8 9
BO 2508931 9 3
CW 2514391 14 15
BO 2514391 14 0
BO 2514391 14 14
CW 2519901 2 31
BO 2519901 2 3
CW 2519901 13 31
BO 2519901 13 27
CW 2525304 9 31
BO 2525304 9 17
CW 2525304 15 31
BO 2525304 15 25
CW 2530707 8 31
BO 2530707 8 25
CW 2530707 3 255
BO 2530707 3 128
CW 2536069 2 15
BO 2536069 2 4
BO 2541556 2 6
BO 2547034 14 9
BO 2552503 2 1
BO 2557963 2 9
CW 2563414 9 15
BO 2563414 9 0
BO 2563414 9 9
BO 2568892 14 7
CW 2574370 15 15
BO 2574370 15 2
CW 2579880 13 63
BO 2579880 13 19
CW 2579880 2 31
BO 2579880 2 1
BO 2585224 9 5
CW 2590734 15 31
BO 2590734 15 18
CW 2590734 8 63
BO 2590734 8 21
CW 2596137 14 31
BO 2596137 14 10
CW 2596137 11 127
BO 2596137 11 124
CW 2596137 2 63
BO 2596137 2 59
BO 2601508 9 6
CW 2606977 12 15
BO 2606977 12 1
CW 2612496 12 31
BO 2612496 12 7
CW 2612496 10 127
BO 2612496 10 58
BO 2617849 9 6
CW 2623300 4 15
BO 2623300 4 3
CW 2628769 14 15
BO 2628769 14 11
BO 2634220 4 5
CW 2639739 13 127
BO 2639739 13 7
CW 2639739 9 31
BO 2639739 9 4
CW 2645142 12 63
BO 2645142 12 27
CW 2645142 15 63
BO 2645142 15 61
CW 2650563 4 31
BO 2650563 4 16
CW 2650563 8 127
BO 2650563 8 2
CW 2655916 9 15
BO 2655916 9 0
BO 2655916 9 10
CW 2661444 13 255
BO 2661444 13 1
CW 2661444 14 31
BO 2661444 14 23
CW 2661444 8 255
BO 2661444 8 35
CW 2666815 1 15
BO 2666815 1 1
CW 2672334 1 31
BO 2672334 1 26
CW 2672334 13 511
BO 2672334 13 480
BO 2677687 9 2
BO 2683156 9 3
CW 2688625 4 15
BO 2688625 4 8
BO 2694076 9 5
BO 2699572 9 6
CW 2705091 12 127
BO 2705091 12 3
CW 2705091 4 31
BO 2705091 4 29
CW 2710444 6 15
BO 2710444 6 2
CW 2715972 6 31
BO 2715972 6 24
CW 2715972 9 31
BO 2715972 9 30
CW 2715972 14 63
BO 2715972 14 41
CW 2721316 12 15
BO 2721316 12 15
CW 2726812 1 15
BO 2726812 1 8
CW 2732272 2 15
BO 2732272 2 5
CW 2737741 8 15
BO 2737741 8 9
CW 2743269 2 31
BO 2743269 2 15
CW 2743269 10 255
BO 2743269 10 117
BO 2748613 1 13
BO 2754064 12 3
BO 2759542 12 1
BO 2764993 8 13
BO 2770444 12 3
CW 2775913 6 15
BO 2775913 6 12
CW 2781423 12 31
BO 2781423 12 10
CW 2781423 4 63
BO 2781423 4 38
CW 2786776 15 15
BO 2786776 15 8
BO 2792227 1 2
CW 2797746 2 63
BO 2797746 2 56
CW 2797746 9 63
BO 2797746 9 61
BO 2803090 1 10
BO 2808559 8 8
BO 2814019 15 0
BO 2814019 15 2
BO 2819470 6 4
CW 2824980 12 63
BO 2824980 12 26
CW 2824980 7 1023
BO 2824980 7 664
BO 2830324 15 5
CW 2835784 14 15
BO 2835784 14 6
CW 2841294 6 31
BO 2841294 6 2
CW 2841294 1 31
BO 2841294 1 20
BO 2846638 8 6
CW 2852157 15 31
BO 2852157 15 11
CW 2852157 3 511
BO 2852157 3 81
CW 2857501 6 15
BO 2857501 6 14
BO 2862961 14 2
BO 2868421 8 6
BO 2873872 14 2
BO 2879341 14 5
BO 2884810 8 2
CW 2890261 15 15
BO 2890261 15 14
CW 2895780 8 31
BO 2895780 8 25
CW 2895780 14 31
BO 2895780 14 0
BO 2895780 14 29
BO 2901124 6 11
CW 2906593 1 15
BO 2906593 1 13
CW 2912112 12 127
BO 2912112 12 125
CW 2912112 4 127
BO 2912112 4 47
CW 2917501 11 15
BO 2917501 11 12
CW 2923011 15 31
BO 2923011 15 23
CW 2923011 6 31
BO 2923011 6 30
BO 2928391 1 5
BO 2933887 1 6
BO 2939338 11 9
CW 2944798 8 15
BO 2944798 8 4
CW 2950249 2 15
BO 2950249 2 5
CW 2955777 14 63
BO 2955777 14 57
CW 2955777 1 31
BO 2955777 1 5
BO 2961121 8 0
BO 2961121 8 2
CW 2966572 9 15
BO 2966572 9 6
BO 2972023 2 10
CW 2977533 8 31
BO 2977533 8 22
CW 2977533 11 31
BO 2977533 11 7
CW 2982895 1 15
BO 2982895 1 9
BO 2988355 9 12
CW 2993815 15 15
BO 2993815 15 9
BO 2999284 2 0
BO 2999284 2 12
CW 3004735 11 15
BO 3004735 11 4
BO 3010195 1 0
BO 3010195 1 2
CW 3015646 6 15
BO 3015646 6 14
CW 3021165 1 31
BO 3021165 1 21
CW 3021165 11 31
BO 3021165 11 19
BO 3026509 15 4
BO 3031960 9 5
BO 3037438 15 13
BO 3042889 2 5
BO 3048340 9 5
CW 3053791 4 15
BO 3053791 4 14
CW 3059242 8 15
BO 3059242 8 5
CW 3064770 2 31
BO 3064770 2 31
CW 3064770 6 31
BO 3064770 6 15
BO 3070114 9 0
BO 3070114 9 2
BO 3075574 8 5
CW 3081084 9 31
BO 3081084 9 1
CW 3081084 3 1023
BO 3081084 3 517
BO 3086446 15 0
BO 3086446 15 11
CW 3091956 11 63
BO 3091956 11 22
CW 3091956 10 511
BO 3091956 10 453
CW 3097359 8 31
BO 3097359 8 12
CW 3097359 9 63
BO 3097359 9 27
CW 3102703 1 15
BO 3102703 1 8
BO 3108154 4 5
CW 3113709 4 31
BO 3113709 4 9
CW 3113709 6 63
BO 3113709 6 20
CW 3119121 15 31
BO 3119121 15 18
CW 3119121 1 31
BO 3119121 1 7
CW 3124492 8 15
BO 3124492 8 1
BO 3129952 8 3
CW 3135403 14 15
BO 3135403 14 3
CW 3140931 8 31
BO 3140931 8 28
CW 3140931 4 63
BO 3140931 4 1
BO 3146275 14 13
CW 3151726 1 15
BO 3151726 1 6
CW 3157236 11 127
BO 3157236 11 11
CW 3157236 4 127
BO 3157236 4 120
CW 3162580 2 15
BO 3162580 2 12
CW 3168126 9 127
BO 3168126 9 101
CW 3168126 1 31
BO 3168126 1 6
CW 3173479 6 15
BO 3173479 6 8
CW 3178939 15 15
BO 3178939 15 6
BO 3184399 14 2
CW 3189850 11 15
BO 3189850 11 2
BO 3195301 2 9
CW 3200811 14 31
BO 3200811 14 10
CW 3200811 1 63
BO 3200811 1 20
BO 3206155 11 15
CW 3211665 15 31
BO 3211665 15 22
CW 3211665 6 31
BO 3211665 6 16
BO 3217063 2 15
CW 3222591 14 63
BO 3222591 14 42
CW 3222591 8 63
BO 3222591 8 22
BO 3227971 11 3
BO 3233449 11 12
CW 3238900 1 15
BO 3238900 1 14
BO 3244369 2 4
CW 3249820 6 15
BO 3249820 6 9
CW 3255271 12 15
BO 3255271 12 12
BO 3260740 2 4
CW 3266200 15 15
BO 3266200 15 14
BO 3271660 11 1
BO 3277111 2 1
CW 3282621 11 31
BO 3282621 11 12
CW 3282621 6 31
BO 3282621 6 16
CW 3288024 2 31
BO 3288024 2 12
CW 3288024 1 31
BO 3288024 1 11
CW 3293445 8 127
BO 3293445 8 73
CW 3293445 12 31
BO 3293445 12 13
BO 3298843 15 11
CW 3304312 11 15
BO 3304312 11 7
CW 3309772 1 15
BO 3309772 1 11
CW 3315223 2 15
BO 3315223 2 2
CW 3320674 6 15
BO 3320674 6 13
BO 3326134 2 8
BO 3331594 11 6
BO 3337045 15 8
CW 3342496 14 15
BO 3342496 14 13
CW 3347947 12 15
BO 3347947 12 9
BO 3353416 1 10
CW 3358926 2 31
BO 3358926 2 1
CW 3358926 11 31
BO 3358926 11 29
CW 3364347 6 31
BO 3364347 6 1
CW 3364347 15 31
BO 3364347 15 18
CW 3369700 2 15
BO 3369700 2 9
CW 3375210 5 1023
BO 3375210 5 591
CW 3375210 12 31
BO 3375210 12 20
CW 3380554 6 15
BO 3380554 6 8
BO 3386014 14 1
BO 3391465 1 7
BO 3396916 14 11
BO 3402394 2 5
BO 3407845 6 3
BO 3413305 1 1
CW 3418824 1 31
BO 3418824 1 29
CW 3418824 6 31
BO 3418824 6 3
BO 3424168 2 5
BO 3429628 14 11
CW 3435079 15 15
BO 3435079 15 13
CW 3440530 6 15
BO 3440530 6 2
BO 3445990 2 14
CW 3451500 6 31
BO 3451500 6 1
CW 3451500 12 63
BO 3451500 12 22
CW 3456853 9 15
BO 3456853 9 9
CW 3462313 6 15
BO 3462313 6 8
CW 3467764 11 15
BO 3467764 11 15
BO 3473224 14 3
BO 3478693 15 15
BO 3484144 14 5
BO 3489595 9 13
BO 3495046 6 7
CW 3500556 4 255
BO 3500556 4 144
CW 3500556 2 31
BO 3500556 2 1
BO 3505918 14 4
CW 3511378 2 15
BO 3511378 2 7
CW 3516897 11 31
BO 3516897 11 26
CW 3516897 6 31
BO 3516897 6 28
BO 3522241 14 9
CW 3527692 1 15
BO 3527692 1 11
CW 3533152 12 15
BO 3533152 12 2
CW 3538662 15 31
BO 3538662 15 9
CW 3538662 9 31
BO 3538662 9 24
BO 3544006 2 5
CW 3549516 12 31
BO 3549516 12 4
CW 3549516 8 255
BO 3549516 8 208
BO 3554887 14 15
BO 3560338 2 2
BO 3565798 1 14
BO 3571249 2 3
CW 3576759 12 63
BO 3576759 12 0
BO 3576759 12 28
CW 3576759 15 63
BO 3576759 15 8
BO 3582121 2 5
BO 3587617 2 2
BO 3593077 14 7
CW 3598587 2 31
BO 3598587 2 1
CW 3598587 15 127
BO 3598587 15 86
CW 3598587 11 63
BO 3598587 11 8
BO 3603931 1 15
CW 3609382 6 15
BO 3609382 6 12
CW 3614892 9 63
BO 3614892 9 51
CW 3614892 2 63
BO 3614892 2 16
BO 3620263 14 5
CW 3625732 11 15
BO 3625732 11 3
BO 3631201 14 8
BO 3636652 11 7
BO 3642103 6 0
BO 3642103 6 15
BO 3647563 1 3
CW 3653032 12 15
BO 3653032 12 6
BO 3658483 1 7
CW 3663993 14 31
BO 3663993 14 25
CW 3663993 11 31
BO 3663993 11 11
CW 3669346 2 15
BO 3669346 2 12
BO 3674815 12 7
BO 3680275 1 11
BO 3685735 6 1
BO 3691195 6 3
BO 3696655 12 1
CW 3702106 11 15
BO 3702106 11 4
CW 3707616 12 31
BO 3707616 12 20
CW 3707616 6 31
BO 3707616 6 14
CW 3707616 2 31
BO 3707616 2 7
CW 3713046 11 31
BO 3713046 11 18
CW 3713046 1 31
BO 3713046 1 6
CW 3718453 2 15
BO 3718453 2 7
CW 3723904 14 15
BO 3723904 14 5
CW 3729459 14 31
BO 3729459 14 2
CW 3729459 6 63
BO 3729459 6 43
CW 3729459 1 63
BO 3729459 1 34
BO 3734803 2 3
CW 3740263 9 15
BO 3740263 9 2
CW 3745714 14 15
BO 3745714 14 7
BO 3751165 2 4
CW 3756675 9 31
BO 3756675 9 26
CW 3756675 12 63
BO 3756675 12 11
BO 3762046 2 6
CW 3767565 11 63
BO 3767565 11 38
CW 3767565 14 31
BO 3767565 14 0
BO 3767565 14 12
BO 3772945 2 13
CW 3778432 12 15
BO 3778432 12 11
CW 3783946 14 15
BO 3783946 14 1
BO 3789397 2 10
CW 3794907 14 31
BO 3794907 14 9
CW 3794907 15 255
BO 3794907 15 52
BO 3800260 12 1
CW 3805779 12 31
BO 3805779 12 2
CW 3805779 1 127
BO 3805779 1 7
CW 3811123 9 15
BO 3811123 9 0
BO 3811123 9 0
BO 3816574 9 2
CW 3822034 12 15
BO 3822034 12 8
BO 3827485 9 10
BO 3832936 2 14
CW 3838396 14 15
BO 3838396 14 13
CW 3843906 1 255
BO 3843906 1 158
CW 3843906 6 127
BO 3843906 6 13
BO 3849277 12 13
BO 3854746 9 13
CW 3860224 11 15
BO 3860224 11 2
CW 3865734 4 511
BO 3865734 4 396
CW 3865734 2 31
BO 3865734 2 22
BO 3871078 14 4
BO 3876529 11 0
BO 3876529 11 9
CW 3882066 14 31
BO 3882066 14 13
CW 3882066 6 255
BO 3882066 6 54
CW 3882066 12 31
BO 3882066 12 23
BO 3887428 9 13
BO 3892897 11 8
BO 3898420 11 6
CW 3903939 14 63
BO 3903939 14 49
CW 3903939 9 31
BO 3903939 9 30
CW 3909283 2 15
BO 3909283 2 11
BO 3914761 11 2
CW 3920221 15 15
BO 3920221 15 6
BO 3925672 11 14
CW 3931191 12 63
BO 3931191 12 32
CW 3931191 13 1023
BO 3931191 13 1
BO 3936553 2 14
BO 3942004 15 11
CW 3947455 13 15
BO 3947455 13 4
BO 3952942 13 1
BO 3958402 13 12
BO 3963853 11 12
BO 3969322 15 8
BO 3974782 2 0
BO 3974782 2 9
CW 3980260 9 15
BO 3980260 9 10
CW 3985788 13 31
BO 3985788 13 20
CW 3985788 15 31
BO 3985788 15 9
BO 3991132 11 5
BO 3996592 2 4
CW 4002061 6 15
BO 4002061 6 2
BO 4007512 11 1
CW 4013022 2 31
BO 4013022 2 19
CW 4013022 9 31
BO 4013022 9 8
CW 4018425 11 31
BO 4018425 11 28
CW 4018425 6 31
BO 4018425 6 7
CW 4023837 15 63
BO 4023837 15 0
BO 4023837 15 18
CW 4023837 12 127
BO 4023837 12 9
CW 4029217 14 15
BO 4029217 14 11
CW 4034677 9 15
BO 4034677 9 7
CW 4040128 6 15
BO 4040128 6 15
CW 4045588 8 15
BO 4045588 8 9
CW 4051039 13 15
BO 4051039 13 0
BO 4051039 13 8
CW 4056576 12 255
BO 4056576 12 6
CW 4056576 9 31
BO 4056576 9 16
BO 4061929 14 6
CW 4067380 2 15
BO 4067380 2 3
CW 4072899 13 31
BO 4072899 13 4
CW 4072899 8 31
BO 4072899 8 19
BO 4078252 2 10
CW 4083771 12 511
BO 4083771 12 442
CW 4083771 15 127
BO 4083771 15 62
CW 4083771 6 31
BO 4083771 6 11
CW 4083771 14 31
BO 4083771 14 4
CW 4089133 13 15
BO 4089133 13 4
CW 4094593 11 15
BO 4094593 11 3
CW 4100121 13 31
BO 4100121 13 0
BO 4100121 13 30
CW 4100121 14 63
BO 4100121 14 56
CW 4105524 11 31
BO 4105524 11 4
CW 4105524 2 31
BO 4105524 2 1
CW 4110868 9 15
BO 4110868 9 12
CW 4116328 2 15
BO 4116328 2 11
CW 4121856 6 63
BO 4121856 6 37
CW 4121856 11 63
BO 4121856 11 11
CW 4127218 8 15
BO 4127218 8 11
BO 4132705 9 12
BO 4138156 2 11
CW 4143711 11 127
BO 4143711 11 30
CW 4143711 8 31
BO 4143711 8 7
CW 4149159 9 31
BO 4149159 9 28
CW 4149159 2 31
BO 4149159 2 19
CW 4154530 13 15
BO 4154530 13 15
CW 4160008 8 15
BO 4160008 8 6
BO 4165513 8 6
CW 4171059 6 127
BO 4171059 6 7
CW 4171059 13 31
BO 4171059 13 16
CW 4176471 8 31
BO 4176471 8 11
CW 4176471 1 511
BO 4176471 1 489
CW 4181824 2 15
BO 4181824 2 9
CW 4187379 6 255
BO 4187379 6 76
CW 4187379 14 127
BO 4187379 14 127
CW 4187379 15 255
BO 4187379 15 121
CW 4192723 11 15
BO 4192723 11 1
CW 4198174 10 15
BO 4198174 10 9
CW 4203684 11 31
BO 4203684 11 5
CW 4203684 9 63
BO 4203684 9 9
BO 4209028 2 14
CW 4214488 8 15
BO 4214488 8 12
CW 4219957 13 15
BO 4219957 13 6
CW 4225408 11 15
BO 4225408 11 3
BO 4230868 10 7
CW 4236387 11 31
BO 4236387 11 18
CW 4236387 9 127
BO 4236387 9 126
BO 4241740 13 10
CW 4247268 2 31
BO 4247268 2 24
CW 4247268 8 31
BO 4247268 8 12
BO 4252612 10 13
BO 4258117 13 5
CW 4263672 13 31
BO 4263672 13 24
CW 4263672 8 63
BO 4263672 8 59
BO 4269016 10 0
BO 4269016 10 15
CW 4274467 11 15
BO 4274467 11 7
BO 4279981 11 11
CW 4285441 2 15
BO 4285441 2 0
BO 4285441 2 8
BO 4290928 10 11
BO 4296406 2 10
BO 4301857 11 0
BO 4301857 11 7
CW 4307335 13 15
BO 4307335 13 10
BO 4312804 10 5
BO 4318255 11 0
BO 4318255 11 6
CW 4323706 3 15
BO 4323706 3 10
BO 4329157 2 15
BO 4334626 10 8
CW 4340145 13 31
BO 4340145 13 21
CW 4340145 11 31
BO 4340145 11 18
BO 4345525 3 9
BO 4350985 10 10
CW 4356436 6 15
BO 4356436 6 6
BO 4361905 2 11
CW 4367442 6 31
BO 4367442 6 11
CW 4367442 3 31
BO 4367442 3 29
BO 4372804 10 2
BO 4378273 10 12
BO 4383733 2 8
CW 4389243 11 63
BO 4389243 11 42
CW 4389243 8 127
BO 4389243 8 100
CW 4394605 13 15
BO 4394605 13 13
CW 4400074 6 15
BO 4400074 6 13
BO 4405534 2 8
BO 4410994 10 6
CW 4416558 10 31
BO 4416558 10 12
CW 4416558 13 31
BO 4416558 13 16
CW 4416558 2 31
BO 4416558 2 24
BO 4421920 6 4
CW 4427398 3 15
BO 4427398 3 0
BO 4427398 3 4
CW 4432908 6 31
BO 4432908 6 3
BO 4432908 7 437
CW 4438338 3 31
BO 4438338 3 6
CW 4438338 15 511
BO 4438338 15 76
CW 4443768 10 63
BO 4443768 10 34
CW 4443768 6 63
BO 4443768 6 14
CW 4449121 14 15
BO 4449121 14 12
CW 4454581 13 15
BO 4454581 13 13
CW 4460050 3 15
BO 4460050 3 1
BO 4465510 3 2
CW 4471038 3 31
BO 4471038 3 27
CW 4471038 2 63
BO 4471038 2 26
CW 4476382 11 15
BO 4476382 11 7
BO 4481842 14 14
CW 4487293 9 15
BO 4487293 9 8
CW 4492744 6 15
BO 4492744 6 13
BO 4498195 13 4
BO 4503664 11 9
BO 4509124 13 1
CW 4514643 13 31
BO 4514643 13 17
CW 4514643 9 31
BO 4514643 9 15
BO 4520023 14 0
BO 4520023 14 7
CW 4525533 6 31
BO 4525533 6 16
CW 4525533 11 31
BO 4525533 11 5
CW 4530922 10 15
BO 4530922 10 6
BO 4536373 14 1
CW 4541892 14 31
BO 4541892 14 7
CW 4541892 2 127
BO 4541892 2 1
CW 4547236 3 15
BO 4547236 3 7
CW 4552755 11 63
BO 4552755 11 40
CW 4552755 2 255
BO 4552755 2 93
BO 4558099 10 3
CW 4563559 9 15
BO 4563559 9 10
CW 4569078 10 31
BO 4569078 10 17
CW 4569078 13 63
BO 4569078 13 51
CW 4574481 14 63
BO 4574481 14 50
CW 4574481 3 31
BO 4574481 3 27
CW 4579861 6 15
BO 4579861 6 10
BO 4585330 9 6
BO 4590835 9 13
BO 4596286 6 5
CW 4601746 10 15
BO 4601746 10 0
BO 4601746 10 6
CW 4607283 6 31
BO 4607283 6 4
CW 4607283 8 255
BO 4607283 8 19
BO 4612645 10 7
CW 4618114 15 15
BO 4618114 15 11
BO 4623565 9 1
CW 4629016 6 15
BO 4629016 6 10
BO 4634467 9 0
BO 4634467 9 5
CW 4639986 10 31
BO 4639986 10 26
CW 4639986 3 63
BO 4639986 3 10
CW 4645348 11 15
BO 4645348 11 6
BO 4650799 9 15
BO 4656268 15 4
BO 4661719 6 13
BO 4667179 11 5
CW 4672698 15 31
BO 4672698 15 14
CW 4672698 8 511
BO 4672698 8 460
CW 4678051 3 15
BO 4678051 3 13
BO 4683511 11 0
BO 4683511 11 9
CW 4688980 13 15
BO 4688980 13 10
BO 4694431 9 8
BO 4699891 6 5
CW 4705342 14 15
BO 4705342 14 1
BO 4710802 14 2
BO 4716253 11 5
CW 4721772 14 31
BO 4721772 14 19
CW 4721772 6 31
BO 4721772 6 19
CW 4721772 3 31
BO 4721772 3 30
CW 4727175 15 63
BO 4727175 15 37
CW 4727175 9 31
BO 4727175 9 10
CW 4732578 10 63
BO 4732578 10 58
CW 4732578 4 1023
BO 4732578 4 110
CW 4732578 13 31
BO 4732578 13 22
BO 4737931 11 6
BO 4743436 11 15
CW 4748955 9 63
BO 4748955 9 22
BO 4748955 5 767
CW 4754421 14 63
BO 4754421 14 30
CW 4754421 6 63
BO 4754421 6 11
CW 4759869 13 63
BO 4759869 13 38
CW 4759869 11 31
BO 4759869 11 9
CW 4765213 2 15
BO 4765213 2 2
BO 4770682 2 12
CW 4776133 3 15
BO 4776133 3 2
BO 4781602 3 11
CW 4787071 11 15
BO 4787071 11 8
CW 4792522 6 15
BO 4792522 6 13
CW 4797973 15 15
BO 4797973 15 9
CW 4803510 9 127
BO 4803510 9 98
CW 4803510 2 31
BO 4803510 2 11
CW 4808931 3 31
BO 4808931 3 11
CW 4808931 11 31
BO 4808931 11 15
BO 4814293 15 4
BO 4819762 6 13
BO 4825222 15 4
CW 4830691 14 15
BO 4830691 14 15
CW 4836142 2 15
BO 4836142 2 9
BO 4841593 15 4
CW 4847053 3 15
BO 4847053 3 14
CW 4852504 10 15
BO 4852504 10 15
BO 4857964 15 9
CW 4863415 11 15
BO 4863415 11 14
CW 4868925 13 127
BO 4868925 13 75
CW 4868925 6 31
BO 4868925 6 9
BO 4874278 2 8
BO 4879765 14 6
BO 4885216 15 2
BO 4890676 3 13
CW 4896186 15 31
BO 4896186 15 16
CW 4896186 2 31
BO 4896186 2 7
CW 4901589 6 63
BO 4901589 6 41
CW 4901589 10 31
BO 4901589 10 6
CW 4907001 11 31
BO 4907001 11 24
CW 4907001 14 31
BO 4907001 14 27
CW 4912390 2 15
BO 4912390 2 5
CW 4917841 10 15
BO 4917841 10 5
BO 4923310 3 15
BO 4928770 2 0
BO 4928770 2 7
BO 4934221 10 11
CW 4939681 15 15
BO 4939681 15 15
BO 4945168 2 3
BO 4950646 2 11
BO 4956097 10 11
BO 4961548 3 13
CW 4967094 11 63
BO 4967094 11 22
CW 4967094 15 31
BO 4967094 15 7
CW 4972515 14 63
BO 4972515 14 36
BO 4972515 4 595
BO 4977868 2 2
BO 4983319 10 11
BO 4988779 2 6
BO 4994230 3 3
CW 4999749 15 63
BO 4999749 15 29
CW 4999749 6 127
BO 4999749 6 23
BO 5005102 3 6
BO 5010562 2 6
BO 5016031 10 13
BO 5021491 3 5
BO 5026951 2 4
CW 5032488 3 31
BO 5032488 3 18
CW 5032488 11 127
BO 5032488 11 8
BO 5037832 2 4
CW 5043310 12 15
BO 5043310 12 10
CW 5048820 2 31
BO 5048820 2 17
CW 5048820 10 31
BO 5048820 10 29
CW 5054164 13 15
BO 5054164 13 8
CW 5059615 9 15
BO 5059615 9 9
CW 5065075 11 15
BO 5065075 11 11
CW 5070526 6 15
BO 5070526 6 0
BO 5070526 6 9
CW 5076072 14 127
BO 5076072 14 71
CW 5076072 12 31
BO 5076072 12 8
CW 5076072 13 31
BO 5076072 13 22
CW 5081416 15 15
BO 5081416 15 15
BO 5086867 9 3
CW 5092327 3 15
BO 5092327 3 7
BO 5097778 6 14
CW 5103288 9 31
BO 5103288 9 7
CW 5103288 11 31
BO 5103288 11 26
CW 5108650 2 15
BO 5108650 2 12
CW 5114101 12 15
BO 5114101 12 7
BO 5119561 3 3
BO 5125039 3 8
CW 5130549 9 63
BO 5130549 9 63
CW 5130549 15 31
BO 5130549 15 14
BO 5135893 12 10
BO 5141353 6 6
CW 5146804 10 15
BO 5146804 10 7
BO 5152255 2 2
CW 5157715 13 15
BO 5157715 13 0
BO 5157715 13 6
CW 5163225 2 31
BO 5163225 2 8
CW 5163225 3 31
BO 5163225 3 7
BO 5168578 6 12
CW 5174097 12 31
BO 5174097 12 26
CW 5174097 10 31
BO 5174097 10 19
BO 5179450 13 9
CW 5184910 15 15
BO 5184910 15 8
CW 5190370 3 15
BO 5190370 3 8
CW 5195880 2 63
BO 5195880 2 36
CW 5195880 11 63
BO 5195880 11 7
BO 5201251 6 11
BO 5206963 13 7
BO 5212414 15 10
BO 5217874 3 13
CW 5223352 11 15
BO 5223352 11 8
BO 5228803 13 2
CW 5234263 10 15
BO 5234263 10 2
CW 5239773 13 31
BO 5239773 13 16
CW 5239773 6 31
BO 5239773 6 4
BO 5245117 15 14
BO 5250568 10 7
BO 5256037 11 13
CW 5261547 12 63
BO 5261547 12 41
CW 5261547 3 31
BO 5261547 3 13
CW 5261547 6 63
BO 5261547 6 28
BO 5266918 10 5
CW 5272473 10 31
BO 5272473 10 22
CW 5272473 15 31
BO 5272473 15 9
CW 5277826 13 15
BO 5277826 13 9
BO 5283277 11 5
CW 5288737 14 15
BO 5288737 14 3
CW 5294206 3 15
BO 5294206 3 10
CW 5299716 14 31
BO 5299716 14 16
CW 5299716 11 31
BO 5299716 11 1
CW 5299716 2 127
BO 5299716 2 102
CW 5305137 15 63
BO 5305137 15 20
CW 5305137 13 31
BO 5305137 13 29
CW 5310549 9 127
BO 5310549 9 28
CW 5310549 11 63
BO 5310549 11 35
BO 5315929 3 9
CW 5321407 6 15
BO 5321407 6 1
CW 5326926 6 31
BO 5326926 6 18
CW 5326926 10 63
BO 5326926 10 46
CW 5326926 1 1023
BO 5326926 1 952
CW 5332356 14 63
BO 5332356 14 37
CW 5332356 3 31
BO 5332356 3 25
CW 5337745 15 15
BO 5337745 15 5
CW 5343196 12 15
BO 5343196 12 0
BO 5343196 12 11
BO 5348683 15 9
CW 5354152 13 15
BO 5354152 13 5
CW 5359689 6 63
BO 5359689 6 48
CW 5359689 9 255
BO 5359689 9 11
CW 5359689 12 31
BO 5359689 12 26
BO 5365042 13 6
BO 5370493 15 14
CW 5375971 11 15
BO 5375971 11 2
BO 5381431 13 6
BO 5386882 11 6
CW 5392351 3 15
BO 5392351 3 9
CW 5397802 9 15
BO 5397802 9 11
BO 5403262 13 4
BO 5408713 11 2
BO 5414164 15 11
BO 5419624 11 3
BO 5425075 13 11
BO 5430535 3 3
BO 5435986 11 15
CW 5441437 14 15
BO 5441437 14 15
BO 5446888 9 2
BO 5452339 3 11
CW 5457790 10 15
BO 5457790 10 8
CW 5463300 9 31
BO 5463300 9 23
CW 5463300 12 63
BO 5463300 12 60
BO 5468644 15 10
BO 5474113 13 3
CW 5479650 13 31
BO 5479650 13 13
CW 5479650 10 31
BO 5479650 10 17
BO 5485003 3 8
BO 5490454 11 13
CW 5495964 14 31
BO 5495964 14 18
CW 5495964 15 31
BO 5495964 15 14
BO 5501362 3 8
CW 5506831 6 15
BO 5506831 6 11
CW 5512291 13 15
BO 5512291 13 12
CW 5517801 9 63
BO 5517801 9 53
BO 5517801 7 976
CW 5517801 11 31
BO 5517801 11 30
CW 5523222 10 63
BO 5523222 10 21
CW 5523222 3 31
BO 5523222 3 4
CW 5528670 15 63
BO 5528670 15 49
CW 5528670 6 31
BO 5528670 6 19
BO 5534032 13 8
CW 5539542 14 63
BO 5539542 14 15
CW 5539542 2 255
BO 5539542 2 51
CW 5544886 3 15
BO 5544886 3 12
BO 5550391 13 9
BO 5555887 3 15
CW 5561356 14 15
BO 5561356 14 0
BO 5561356 14 14
CW 5566866 13 31
BO 5566866 13 11
CW 5566866 10 127
BO 5566866 10 109
CW 5572210 6 15
BO 5572210 6 7
CW 5577670 11 15
BO 5577670 11 9
CW 5583139 12 15
BO 5583139 12 14
BO 5588608 6 9
BO 5594077 3 10
CW 5599587 13 63
BO 5599587 13 40
CW 5599587 11 31
BO 5599587 11 3
BO 5604931 14 15
CW 5610409 11 15
BO 5610409 11 0
BO 5610409 11 8
BO 5615860 6 7
BO 5621320 12 0
BO 5621320 12 11
BO 5626780 3 14
CW 5632249 9 15
BO 5632249 9 3
CW 5637759 11 31
BO 5637759 11 17
CW 5637759 6 31
BO 5637759 6 23
CW 5643180 9 31
BO 5643180 9 16
CW 5643180 14 31
BO 5643180 14 21
CW 5648524 15 15
BO 5648524 15 4
BO 5653984 12 12
CW 5659444 2 15
BO 5659444 2 5
BO 5664895 15 11
BO 5670355 3 12
BO 5675824 2 2
BO 5681293 2 11
BO 5686753 12 0
BO 5686753 12 13
CW 5692272 9 63
BO 5692272 9 3
CW 5692272 11 63
BO 5692272 11 48
CW 5692272 15 31
BO 5692272 15 27
BO 5697634 3 13
CW 5703094 14 15
BO 5703094 14 2
CW 5708545 6 15
BO 5708545 6 1
CW 5714055 13 127
BO 5714055 13 72
CW 5714055 9 127
BO 5714055 9 33
CW 5719458 6 31
BO 5719458 6 2
CW 5719458 14 31
BO 5719458 14 5
CW 5719458 2 31
BO 5719458 2 7
BO 5724829 12 10
CW 5730298 6 15
BO 5730298 6 1
CW 5735817 6 31
BO 5735817 6 28
CW 5735817 3 31
BO 5735817 3 25
CW 5741161 14 15
BO 5741161 14 13
CW 5746621 2 15
BO 5746621 2 11
BO 5752090 12 11
CW 5757604 15 15
BO 5757604 15 3
CW 5763114 14 31
BO 5763114 14 29
CW 5763114 2 31
BO 5763114 2 0
BO 5763114 2 27
CW 5768535 15 31
BO 5768535 15 12
CW 5768535 12 31
BO 5768535 12 15
CW 5773933 9 15
BO 5773933 9 2
CW 5779452 3 63
BO 5779452 3 57
CW 5779452 8 1023
BO 5779452 8 187
BO 5784796 9 14
CW 5790256 6 15
BO 5790256 6 1
BO 5795716 6 3
CW 5801185 11 15
BO 5801185 11 11
BO 5806636 6 15
CW 5812096 15 15
BO 5812096 15 11
CW 5817565 12 15
BO 5817565 12 0
BO 5817565 12 8
BO 5823025 9 10
CW 5828553 2 63
BO 5828553 2 53
CW 5828553 10 255
BO 5828553 10 200
BO 5833897 11 12
CW 5839348 14 15
BO 5839348 14 15
CW 5844867 15 31
BO 5844867 15 3
CW 5844867 12 31
BO 5844867 12 15
BO 5850220 6 15
BO 5855680 9 1
CW 5861199 9 31
BO 5861199 9 10
CW 5861199 15 63
BO 5861199 15 52
BO 5866570 11 15
CW 5872107 13 255
BO 5872107 13 220
CW 5872107 14 31
BO 5872107 14 3
CW 5877537 12 63
BO 5877537 12 0
BO 5877537 12 60
CW 5877537 6 31
BO 5877537 6 23
CW 5882899 9 15
BO 5882899 9 2
CW 5888350 14 15
BO 5888350 14 9
BO 5893810 9 7
BO 5899270 11 1
BO 5904730 11 0
BO 5904730 11 2
BO 5910199 11 4
CW 5915709 14 31
BO 5915709 14 31
CW 5915709 9 31
BO 5915709 9 10
CW 5921139 11 31
BO 5921139 11 29
CW 5921139 3 127
BO 5921139 3 4
CW 5926555 6 15
BO 5926555 6 1
CW 5932074 6 31
BO 5932074 6 6
CW 5932074 9 63
BO 5932074 9 63
CW 5937436 3 15
BO 5937436 3 12
CW 5942887 2 15
BO 5942887 2 10
CW 5948383 6 15
BO 5948383 6 4
CW 5953929 6 31
BO 5953929 6 13
CW 5953929 2 31
BO 5953929 2 8
CW 5959332 15 127
BO 5959332 15 110
CW 5959332 3 31
BO 5959332 3 29
CW 5964712 14 15
BO 5964712 14 7
CW 5970190 2 15
BO 5970190 2 14
CW 5975659 11 15
BO 5975659 11 5
BO 5981110 14 4
CW 5986561 6 15
BO 5986561 6 10
CW 5992098 14 31
BO 5992098 14 23
CW 5992098 11 31
BO 5992098 11 20
CW 5997442 12 15
BO 5997442 12 8
BO 6002929 2 1
BO 6008380 6 8
BO 6013831 2 6
Spatial Reuse Statistics
Scenario: logdistance
APs: 1
Nodes per AP: 15
Distance between APs [m]: 10
Radius [m]: 0.1
Uplink [Mbps]: 400
Downlink [Mbps]: 0
Uplink Efficiency   11.0913 [%]
Downlink Efficiency 0 [%]
Throughput,  AP1 Uplink   [Mbps] : 44.3651
Throughput,  AP1 Downlink [Mbps] : 0
Total Throughput Uplink   [Mbps] : 44.3651
Total Throughput Downlink [Mbps] : 0
Spatial Reuse Stats written to: spatial-reuse-SR-stats-Sim0_1.dat
0 matching data points
0 matching data points
0 matching data points
0 matching data points
0 matching data points
0 matching data points
Complete.  Removing the following files:
../../../spatial-reuse-A-Sim0_1.flowmon
../../../spatial-reuse-SR-stats-Sim0_1.dat
../../../spatial-reuse-operatorA-Sim0_1
../../../spatial-reuse-positions-Sim0_1.csv
../../../spatial-reuse-state-Sim0_1.dat
../../../spatial-reuse-tgax-calibration-timings-Sim0_1.dat
