Running Sim0_1
Waf: Entering directory `/home/kajihara/backoff/build'
Waf: Leaving directory `/home/kajihara/backoff/build'
Build commands will be stored in build/compile_commands.json
'build' finished successfully (0.431s)
Uplink interval:+147000.0ns Downlink interval:+0.0ns
ApplicationTxStart: 1 Duration: 5
nBss: 1 nStas/Bss: 5 => nStas: 5
BO 0 0 7
CW 1000151 1 31
BO 1000151 1 20
CW 1000151 2 31
BO 1000151 2 14
CW 1000151 3 31
BO 1000151 3 10
CW 1000151 4 31
BO 1000151 4 8
CW 1000151 5 31
BO 1000151 5 13
BO 1000342 0 4
CW 1000402 4 15
BO 1000402 4 15
CW 1000590 3 15
BO 1000590 3 13
CW 1000802 5 63
BO 1000802 5 44
CW 1000802 0 31
BO 1000802 0 20
CW 1000906 2 15
BO 1000906 2 3
CW 1001130 1 15
BO 1001130 1 10
BO 1001375 3 12
BO 1001402 4 11
CW 1001435 0 15
BO 1001435 0 0
BO 1001435 0 12
BO 1001849 4 10
BO 1001906 2 1
CW 1002043 0 31
BO 1002043 0 2
BO 1002130 1 10
CW 1002195 3 31
BO 1002195 3 12
BO 1002444 2 11
CW 1002623 0 15
BO 1002623 0 12
CW 1002880 5 127
BO 1002880 5 106
CW 1003032 1 31
BO 1003032 1 12
CW 1003299 3 15
BO 1003299 3 1
BO 1003478 0 12
CW 1003892 1 15
BO 1003892 1 12
BO 1004071 0 11
BO 1004982 0 2
CW 1005042 5 15
BO 1005042 5 5
BO 1005179 1 7
BO 1005179 2 9
BO 1005179 3 11
BO 1005179 4 5
BO 1005239 0 15
BO 1005768 5 1
BO 1006668 5 1
BO 1008887 4 7
BO 1013006 5 13
BO 1018457 1 1
CW 1023976 1 31
BO 1023976 1 14
CW 1023976 2 31
BO 1023976 2 5
BO 1029329 3 10
BO 1034789 4 11
CW 1040267 2 15
BO 1040267 2 6
BO 1045736 5 6
BO 1051196 3 3
BO 1056656 2 15
BO 1062107 4 9
CW 1067617 3 31
BO 1067617 3 23
CW 1067617 1 63
BO 1067617 1 21
BO 1072961 5 2
BO 1078430 5 14
BO 1083917 4 6
BO 1089404 2 11
BO 1094864 4 14
BO 1100333 5 12
CW 1105811 1 15
BO 1105811 1 7
CW 1111271 3 15
BO 1111271 3 6
BO 1116722 2 5
CW 1122268 4 31
BO 1122268 4 10
CW 1122268 1 31
BO 1122268 1 19
CW 1127671 2 31
BO 1127671 2 16
CW 1127671 5 31
BO 1127671 5 26
CW 1127671 3 31
BO 1127671 3 14
CW 1133105 4 15
BO 1133105 4 1
BO 1138565 4 2
BO 1144034 4 5
CW 1149512 1 15
BO 1149512 1 5
BO 1154972 4 1
BO 1160432 4 6
CW 1165951 1 31
BO 1165951 1 9
CW 1165951 3 63
BO 1165951 3 60
CW 1171304 2 15
BO 1171304 2 8
BO 1176773 4 1
BO 1182233 4 0
BO 1182233 4 9
BO 1187711 2 11
CW 1193221 1 63
BO 1193221 1 49
CW 1193221 5 63
BO 1193221 5 22
BO 1198601 4 13
BO 1204097 2 8
BO 1209611 4 2
BO 1215062 2 11
BO 1220522 4 13
CW 1226018 5 15
BO 1226018 5 5
BO 1231496 2 15
BO 1236956 5 4
BO 1242416 4 6
BO 1247885 5 14
BO 1253363 4 15
BO 1258850 2 7
CW 1264319 3 15
BO 1264319 3 13
BO 1269788 5 8
CW 1275239 1 15
BO 1275239 1 9
BO 1280690 2 7
BO 1286159 4 2
BO 1291628 4 6
BO 1297079 5 8
BO 1302530 2 6
CW 1308040 3 31
BO 1308040 3 19
CW 1308040 1 31
BO 1308040 1 6
BO 1313411 4 10
BO 1318871 2 14
BO 1324322 5 4
CW 1329800 1 15
BO 1329800 1 8
BO 1335251 5 7
BO 1340720 4 15
CW 1346266 5 31
BO 1346266 5 17
CW 1346266 1 31
BO 1346266 1 4
BO 1351610 2 0
BO 1351610 2 10
CW 1357079 3 15
BO 1357079 3 4
CW 1362539 1 15
BO 1362539 1 5
BO 1368008 3 13
BO 1373468 4 3
CW 1378978 1 31
BO 1378978 1 20
CW 1378978 2 31
BO 1378978 2 29
BO 1384340 4 5
CW 1389818 5 15
BO 1389818 5 5
BO 1395278 4 8
BO 1400738 3 13
BO 1406198 5 9
BO 1411685 4 8
BO 1417172 5 15
CW 1422623 1 15
BO 1422623 1 11
BO 1428074 3 10
BO 1433534 4 14
CW 1439030 2 15
BO 1439030 2 10
CW 1444558 1 31
BO 1444558 1 28
CW 1444558 3 31
BO 1444558 3 11
BO 1449920 5 9
BO 1455389 4 9
BO 1460849 2 4
CW 1466395 2 31
BO 1466395 2 4
CW 1466395 5 31
BO 1466395 5 23
CW 1471748 3 15
BO 1471748 3 5
BO 1477199 4 5
CW 1482677 2 15
BO 1482677 2 14
BO 1488128 3 11
BO 1493579 4 14
CW 1499111 1 15
BO 1499111 1 7
BO 1504562 3 11
BO 1510022 2 2
BO 1515482 4 5
BO 1520933 2 10
CW 1526384 5 15
BO 1526384 5 15
BO 1531835 1 14
BO 1537304 4 4
BO 1542764 3 3
BO 1548233 4 0
BO 1548233 4 15
CW 1553743 3 31
BO 1553743 3 20
CW 1553743 2 31
BO 1553743 2 27
CW 1559191 5 31
BO 1559191 5 24
CW 1559191 1 31
BO 1559191 1 12
BO 1564607 4 9
BO 1570139 4 12
CW 1575599 3 15
BO 1575599 3 15
CW 1581050 1 15
BO 1581050 1 13
CW 1586546 2 15
BO 1586546 2 10
BO 1592024 4 1
CW 1597543 4 31
BO 1597543 4 18
CW 1597543 5 63
BO 1597543 5 1
BO 1602896 1 4
BO 1608347 3 8
CW 1613798 5 15
BO 1613798 5 3
BO 1619249 2 4
BO 1624709 1 1
BO 1630160 5 8
BO 1635611 1 1
BO 1641062 2 8
BO 1646513 1 9
BO 1651964 3 7
BO 1657451 5 12
BO 1662911 2 8
BO 1668362 3 3
CW 1673872 4 63
BO 1673872 4 9
CW 1673872 1 31
BO 1673872 1 12
BO 1679234 3 13
BO 1684712 2 11
BO 1690172 5 0
BO 1690172 5 6
CW 1695650 4 15
BO 1695650 4 1
BO 1701110 4 5
CW 1706620 5 31
BO 1706620 5 24
CW 1706620 1 63
BO 1706620 1 4
BO 1711964 3 8
BO 1717424 2 4
BO 1722884 4 3
CW 1728335 1 15
BO 1728335 1 13
BO 1733795 2 4
BO 1739246 4 9
BO 1744697 3 4
BO 1750166 2 4
BO 1755626 3 8
BO 1761095 2 11
BO 1766546 4 10
BO 1771997 1 8
BO 1777475 3 2
CW 1782935 5 15
BO 1782935 5 0
BO 1782935 5 13
BO 1788386 3 8
BO 1793846 1 13
CW 1799356 2 31
BO 1799356 2 3
CW 1799356 4 31
BO 1799356 4 4
BO 1804745 3 10
CW 1810282 2 63
BO 1810282 2 19
CW 1810282 5 31
BO 1810282 5 23
CW 1815626 4 15
BO 1815626 4 4
BO 1821086 1 2
CW 1826614 1 31
BO 1826614 1 21
CW 1826614 4 31
BO 1826614 4 27
BO 1831958 3 9
BO 1837490 3 14
CW 1842968 2 15
BO 1842968 2 6
CW 1848446 5 15
BO 1848446 5 0
BO 1848446 5 6
BO 1853915 2 1
CW 1859366 1 15
BO 1859366 1 10
BO 1864817 2 9
CW 1870336 5 31
BO 1870336 5 1
CW 1870336 3 31
BO 1870336 3 0
BO 1870336 3 9
CW 1875698 4 15
BO 1875698 4 11
CW 1881158 5 15
BO 1881158 5 10
CW 1886686 1 31
BO 1886686 1 26
CW 1886686 2 31
BO 1886686 2 1
CW 1892066 3 15
BO 1892066 3 3
CW 1897585 4 31
BO 1897585 4 29
CW 1897585 2 63
BO 1897585 2 59
BO 1902929 5 15
BO 1908380 3 1
BO 1913840 3 2
BO 1919309 3 13
BO 1924841 5 5
BO 1930319 3 7
BO 1935779 5 5
CW 1941239 1 15
BO 1941239 1 5
CW 1946776 5 31
BO 1946776 5 11
CW 1946776 3 31
BO 1946776 3 27
CW 1952188 1 31
BO 1952188 1 12
CW 1952188 4 63
BO 1952188 4 43
CW 1957631 5 15
BO 1957631 5 11
BO 1963181 5 8
CW 1968632 1 15
BO 1968632 1 2
CW 1974160 1 31
BO 1974160 1 18
CW 1974160 3 63
BO 1974160 3 10
CW 1979513 2 15
BO 1979513 2 5
BO 1984982 5 6
BO 1990451 2 7
BO 1995929 5 2
CW 2001380 3 15
BO 2001380 3 13
BO 2006840 5 13
BO 2012291 2 14
CW 2017778 1 15
BO 2017778 1 0
BO 2017778 1 2
BO 2023247 1 10
BO 2028716 3 15
CW 2034167 4 15
BO 2034167 4 2
BO 2039618 5 15
CW 2045137 4 31
BO 2045137 4 22
CW 2045137 2 31
BO 2045137 2 10
BO 2050508 1 8
BO 2056022 3 2
BO 2061473 1 3
BO 2066924 5 10
CW 2072434 3 31
BO 2072434 3 22
CW 2072434 2 63
BO 2072434 2 43
BO 2077787 1 6
BO 2083292 1 3
BO 2088743 5 15
CW 2094203 4 15
BO 2094203 4 12
BO 2099654 1 5
BO 2105150 1 14
CW 2110705 3 63
BO 2110705 3 22
CW 2110705 4 31
BO 2110705 4 27
BO 2116049 5 13
BO 2121563 1 5
CW 2127118 1 31
BO 2127118 1 22
CW 2127118 5 31
BO 2127118 5 16
CW 2132507 2 15
BO 2132507 2 0
BO 2132507 2 12
CW 2137976 3 15
BO 2137976 3 14
CW 2143463 4 15
BO 2143463 4 10
BO 2148950 2 5
CW 2154428 5 15
BO 2154428 5 9
BO 2159879 3 13
CW 2165389 2 31
BO 2165389 2 31
CW 2165389 4 31
BO 2165389 4 10
CW 2170760 1 15
BO 2170760 1 10
BO 2176238 5 6
BO 2181725 3 15
CW 2187244 5 31
BO 2187244 5 25
CW 2187244 4 63
BO 2187244 4 26
CW 2187244 1 31
BO 2187244 1 15
BO 2192705 3 13
CW 2198210 2 15
BO 2198210 2 12
CW 2203774 1 63
BO 2203774 1 7
CW 2203774 3 31
BO 2203774 3 6
BO 2209163 2 9
CW 2214641 5 15
BO 2214641 5 5
CW 2220092 4 15
BO 2220092 4 1
CW 2225611 4 31
BO 2225611 4 22
CW 2225611 3 63
BO 2225611 3 26
CW 2230955 1 15
BO 2230955 1 14
CW 2236474 5 31
BO 2236474 5 18
CW 2236474 2 31
BO 2236474 2 31
BO 2241926 1 11
CW 2247440 4 15
BO 2247440 4 7
CW 2252977 1 31
BO 2252977 1 29
CW 2252977 3 127
BO 2252977 3 46
BO 2258348 4 2
CW 2263808 5 15
BO 2263808 5 0
BO 2263808 5 14
BO 2269259 4 1
BO 2274719 4 2
BO 2280188 4 8
CW 2285693 2 15
BO 2285693 2 4
CW 2291212 4 31
BO 2291212 4 5
CW 2291212 5 31
BO 2291212 5 17
BO 2296574 2 4
BO 2302061 2 1
CW 2307512 4 15
BO 2307512 4 14
BO 2312963 2 6
CW 2318432 1 15
BO 2318432 1 15
BO 2323910 2 2
BO 2329379 2 8
CW 2334830 5 15
BO 2334830 5 1
BO 2340290 5 6
BO 2345741 4 3
BO 2351219 4 2
CW 2356729 1 31
BO 2356729 1 6
CW 2356729 2 31
BO 2356729 2 1
CW 2362132 3 255
BO 2362132 3 148
CW 2362132 5 31
BO 2362132 5 9
BO 2367476 4 13
CW 2372927 2 15
BO 2372927 2 9
CW 2378414 1 15
BO 2378414 1 7
CW 2383892 5 15
BO 2383892 5 8
BO 2389343 2 5
CW 2394871 1 31
BO 2394871 1 23
CW 2394871 4 31
BO 2394871 4 29
BO 2400233 2 5
BO 2405693 5 2
BO 2411162 5 1
BO 2416613 2 14
BO 2422064 5 15
BO 2427632 2 0
BO 2427632 2 7
BO 2433092 5 1
CW 2438543 1 15
BO 2438543 1 3
BO 2443994 5 15
BO 2449463 1 8
BO 2454914 2 5
CW 2460365 4 15
BO 2460365 4 1
BO 2465825 4 12
BO 2471294 2 2
BO 2476754 1 0
BO 2476754 1 9
BO 2482205 2 3
BO 2487674 5 15
BO 2493125 2 5
BO 2498594 4 12
BO 2504054 1 15
BO 2509505 2 2
BO 2514974 2 0
BO 2514974 2 4
BO 2520461 2 12
BO 2525912 5 15
BO 2531363 4 13
BO 2536850 1 14
BO 2542346 2 3
BO 2547815 4 11
CW 2553325 2 31
BO 2553325 2 15
CW 2553325 5 31
BO 2553325 5 15
BO 2558705 1 13
BO 2564201 4 2
BO 2569670 4 9
BO 2575157 1 10
CW 2580676 2 63
BO 2580676 2 14
CW 2580676 5 63
BO 2580676 5 36
BO 2586038 4 15
BO 2591534 1 11
CW 2597057 2 15
BO 2597057 2 4
BO 2602508 4 6
BO 2607968 1 8
BO 2613428 2 6
BO 2618897 4 10
CW 2624434 2 31
BO 2624434 2 27
CW 2624434 1 31
BO 2624434 1 0
BO 2624434 1 23
BO 2629832 4 7
CW 2635283 3 15
BO 2635283 3 7
CW 2640743 5 15
BO 2640743 5 5
BO 2646230 4 3
CW 2651740 5 31
BO 2651740 5 20
CW 2651740 3 31
BO 2651740 3 6
BO 2657102 4 0
BO 2657102 4 12
CW 2662607 3 15
BO 2662607 3 8
CW 2668094 1 15
BO 2668094 1 13
BO 2673545 4 9
CW 2679073 3 31
BO 2679073 3 7
CW 2679073 2 63
BO 2679073 2 41
CW 2684453 5 15
BO 2684453 5 5
BO 2689913 4 2
CW 2695441 4 31
BO 2695441 4 25
CW 2695441 1 31
BO 2695441 1 31
BO 2700785 5 7
CW 2706245 3 15
BO 2706245 3 8
BO 2711741 5 0
BO 2711741 5 8
BO 2717210 3 13
BO 2722706 5 6
BO 2728211 5 13
BO 2733662 3 6
CW 2739113 4 15
BO 2739113 4 6
CW 2744668 1 63
BO 2744668 1 34
CW 2744668 3 31
BO 2744668 3 21
BO 2750012 4 10
CW 2755481 2 15
BO 2755481 2 14
BO 2760941 5 10
BO 2766437 4 6
BO 2771924 5 9
CW 2777443 4 31
BO 2777443 4 26
CW 2777443 2 31
BO 2777443 2 22
CW 2782814 3 15
BO 2782814 3 9
BO 2788292 5 15
BO 2793788 3 12
CW 2799257 1 15
BO 2799257 1 14
BO 2804762 5 15
CW 2810290 2 63
BO 2810290 2 47
CW 2810290 3 31
BO 2810290 3 18
CW 2815661 4 15
BO 2815661 4 3
BO 2821112 1 15
BO 2826581 4 8
BO 2832068 5 5
BO 2837546 4 11
BO 2843006 5 3
BO 2848466 1 9
CW 2853985 5 31
BO 2853985 5 2
CW 2853985 3 63
BO 2853985 3 12
BO 2859374 4 5
BO 2864834 1 13
CW 2870285 5 15
BO 2870285 5 0
BO 2870285 5 6
BO 2875754 4 9
BO 2881232 5 4
CW 2886701 3 15
BO 2886701 3 11
BO 2892161 5 4
CW 2897671 1 31
BO 2897671 1 10
CW 2897671 4 31
BO 2897671 4 29
BO 2903042 5 6
CW 2908511 2 15
BO 2908511 2 14
BO 2913971 3 8
BO 2919431 5 6
CW 2924909 1 15
BO 2924909 1 5
CW 2930437 5 31
BO 2930437 5 2
CW 2930437 3 31
BO 2930437 3 16
BO 2935799 1 4
BO 2941250 2 0
BO 2941250 2 9
CW 2946710 5 15
BO 2946710 5 3
BO 2952170 1 10
BO 2957630 5 10
BO 2963108 2 4
CW 2968568 4 15
BO 2968568 4 5
CW 2974096 2 31
BO 2974096 2 19
CW 2974096 1 31
BO 2974096 1 0
BO 2974096 1 22
CW 2979440 3 15
BO 2979440 3 2
BO 2984891 5 15
BO 2990342 4 0
BO 2990342 4 9
BO 2995793 3 12
BO 3001316 4 9
BO 3006794 3 15
BO 3012245 5 10
CW 3017714 2 15
BO 3017714 2 3
BO 3023174 4 15
CW 3028625 1 15
BO 3028625 1 14
BO 3034076 2 10
BO 3039554 5 12
BO 3045032 3 10
BO 3050501 2 0
BO 3050501 2 11
CW 3056029 4 31
BO 3056029 4 14
CW 3056029 1 31
BO 3056029 1 23
BO 3061391 5 4
BO 3066851 3 14
BO 3072320 5 9
BO 3077771 2 11
CW 3083353 4 63
BO 3083353 4 44
CW 3083353 5 31
BO 3083353 5 16
BO 3088706 3 12
BO 3094157 2 9
CW 3099653 1 15
BO 3099653 1 14
BO 3105131 2 9
BO 3110591 3 13
CW 3116069 5 15
BO 3116069 5 14
BO 3121547 2 14
BO 3126998 1 1
BO 3132458 1 13
BO 3137927 3 12
BO 3143414 5 8
BO 3148892 2 12
BO 3154352 1 10
BO 3159812 3 14
BO 3165263 5 8
CW 3170741 4 15
BO 3170741 4 10
CW 3176278 2 31
BO 3176278 2 1
CW 3176278 1 31
BO 3176278 1 6
BO 3181622 5 0
BO 3181622 5 6
CW 3187082 2 15
BO 3187082 2 8
BO 3192551 3 0
BO 3192551 3 12
BO 3198002 4 9
CW 3203512 5 31
BO 3203512 5 5
CW 3203512 1 63
BO 3203512 1 0
BO 3203512 1 50
BO 3208883 2 10
BO 3214370 4 0
BO 3214370 4 11
CW 3219821 5 15
BO 3219821 5 6
BO 3225272 3 14
BO 3230750 2 15
BO 3236210 5 1
BO 3241670 5 12
BO 3247130 4 0
BO 3247130 4 8
BO 3252617 3 11
BO 3258095 4 7
BO 3263546 2 11
BO 3268997 5 1
BO 3274457 5 2
BO 3279926 5 10
CW 3285436 3 31
BO 3285436 3 25
CW 3285436 4 31
BO 3285436 4 14
BO 3290816 2 8
BO 3296303 5 8
BO 3301781 2 8
CW 3307250 1 15
BO 3307250 1 8
BO 3312710 5 6
CW 3318161 4 15
BO 3318161 4 5
BO 3323630 2 12
CW 3329158 4 31
BO 3329158 4 30
CW 3329158 1 31
BO 3329158 1 19
CW 3329158 5 31
BO 3329158 5 26
CW 3334538 3 15
BO 3334538 3 6
BO 3340025 2 6
BO 3345485 3 4
CW 3351031 3 31
BO 3351031 3 13
CW 3351031 2 31
BO 3351031 2 0
BO 3351031 2 11
CW 3356438 1 15
BO 3356438 1 10
CW 3361943 5 15
BO 3361943 5 10
CW 3367480 1 31
BO 3367480 1 7
CW 3367480 4 63
BO 3367480 4 25
CW 3372824 2 15
BO 3372824 2 2
CW 3378284 3 15
BO 3378284 3 1
BO 3383735 2 12
BO 3389186 3 3
BO 3394646 5 13
CW 3400165 3 31
BO 3400165 3 18
CW 3400165 1 63
BO 3400165 1 21
BO 3405572 2 5
BO 3411050 5 1
CW 3416569 5 31
BO 3416569 5 2
CW 3416569 2 31
BO 3416569 2 18
CW 3421940 4 15
BO 3421940 4 1
BO 3427400 4 9
CW 3432851 5 15
BO 3432851 5 13
CW 3438347 3 15
BO 3438347 3 0
BO 3438347 3 1
BO 3443807 3 9
CW 3449317 1 127
BO 3449317 1 126
CW 3449317 4 31
BO 3449317 4 13
BO 3454697 5 11
CW 3460157 2 15
BO 3460157 2 8
BO 3465617 3 15
BO 3471122 2 3
BO 3476573 5 12
CW 3482033 4 15
BO 3482033 4 12
BO 3487484 2 5
BO 3492971 3 4
BO 3498422 2 0
BO 3498422 2 7
CW 3503959 3 31
BO 3503959 3 0
BO 3503959 3 12
CW 3503959 5 31
BO 3503959 5 19
BO 3509312 4 1
CW 3514831 4 31
BO 3514831 4 27
CW 3514831 2 31
BO 3514831 2 7
CW 3520265 3 15
BO 3520265 3 13
CW 3525770 5 15
BO 3525770 5 9
CW 3531221 2 15
BO 3531221 2 11
BO 3536717 3 4
BO 3542186 5 4
BO 3547646 3 12
BO 3553097 2 2
BO 3558557 5 10
BO 3564008 2 6
CW 3569495 4 15
BO 3569495 4 0
BO 3569495 4 9
BO 3574955 2 6
BO 3580415 3 13
BO 3585866 5 1
BO 3591326 5 9
BO 3596786 2 4
BO 3602237 4 1
BO 3607697 4 0
BO 3607697 4 1
CW 3613216 4 31
BO 3613216 4 22
CW 3613216 2 31
BO 3613216 2 9
BO 3618578 5 8
BO 3624029 3 12
BO 3629543 5 13
CW 3634994 2 15
BO 3634994 2 8
BO 3640472 3 5
BO 3645959 2 12
BO 3651410 3 5
CW 3656938 4 63
BO 3656938 4 21
CW 3656938 5 31
BO 3656938 5 8
BO 3662300 3 14
BO 3667796 2 2
CW 3673324 2 31
BO 3673324 2 8
CW 3673324 5 63
BO 3673324 5 52
BO 3678713 3 4
CW 3684164 1 15
BO 3684164 1 13
BO 3689642 3 13
CW 3695102 4 15
BO 3695102 4 11
CW 3700562 2 15
BO 3700562 2 9
BO 3706058 1 11
CW 3711595 2 31
BO 3711595 2 25
CW 3711595 3 31
BO 3711595 3 0
BO 3711595 3 12
CW 3711595 4 31
BO 3711595 4 17
BO 3717002 1 13
CW 3722561 3 15
BO 3722561 3 10
BO 3728012 1 2
BO 3733481 1 8
CW 3738932 4 15
BO 3738932 4 12
BO 3744428 3 15
CW 3749947 5 127
BO 3749947 5 10
CW 3749947 2 63
BO 3749947 2 12
CW 3749947 1 31
BO 3749947 1 17
BO 3755327 4 14
BO 3760850 3 6
CW 3766310 5 15
BO 3766310 5 5
CW 3771770 2 15
BO 3771770 2 5
BO 3777230 4 4
BO 3782681 3 13
BO 3788132 5 2
CW 3793583 1 15
BO 3793583 1 12
BO 3799034 2 2
CW 3804544 5 31
BO 3804544 5 6
CW 3804544 4 31
BO 3804544 4 24
BO 3809897 2 11
CW 3815402 5 15
BO 3815402 5 5
BO 3820853 3 8
BO 3826304 1 13
BO 3831773 2 3
BO 3837224 5 9
BO 3842693 2 11
BO 3848144 3 15
CW 3853699 1 31
BO 3853699 1 14
CW 3853699 5 31
BO 3853699 5 6
CW 3859052 4 15
BO 3859052 4 2
CW 3864580 4 31
BO 3864580 4 5
CW 3864580 2 31
BO 3864580 2 0
BO 3864580 2 27
CW 3869951 5 15
BO 3869951 5 12
BO 3875402 3 10
CW 3880889 4 15
BO 3880889 4 4
CW 3886349 1 15
BO 3886349 1 9
BO 3891818 4 1
BO 3897269 3 9
CW 3902779 4 31
BO 3902779 4 27
CW 3902779 5 31
BO 3902779 5 14
BO 3908159 1 12
BO 3913637 3 11
CW 3919133 2 15
BO 3919133 2 13
BO 3924602 1 1
CW 3930121 1 31
BO 3930121 1 15
CW 3930121 5 63
BO 3930121 5 53
BO 3935465 3 3
BO 3940943 3 11
BO 3946421 2 10
CW 3951899 4 15
BO 3951899 4 0
BO 3951899 4 0
BO 3957350 4 9
CW 3962878 1 63
BO 3962878 1 34
CW 3962878 3 31
BO 3962878 3 21
BO 3968240 2 4
BO 3973718 4 5
BO 3979169 2 14
BO 3984656 4 0
BO 3984656 4 5
BO 3990152 4 7
BO 3995630 2 1
CW 4001149 2 31
BO 4001149 2 12
CW 4001149 3 63
BO 4001149 3 63
BO 4006502 4 8
BO 4012025 4 6
CW 4017544 1 127
BO 4017544 1 32
CW 4017544 5 127
BO 4017544 5 117
CW 4022897 2 15
BO 4022897 2 6
BO 4028366 4 2
BO 4033835 4 0
BO 4033835 4 3
BO 4039286 2 6
BO 4044755 4 10
BO 4050233 2 10
BO 4055738 4 4
BO 4061216 2 11
BO 4066667 4 10
CW 4072172 1 15
BO 4072172 1 13
CW 4077709 4 31
BO 4077709 4 9
CW 4077709 2 31
BO 4077709 2 31
BO 4083134 1 1
BO 4088594 1 14
CW 4094054 3 15
BO 4094054 3 2
BO 4099523 3 7
CW 4104992 4 15
BO 4104992 4 8
BO 4110479 3 1
CW 4115998 3 31
BO 4115998 3 30
CW 4115998 1 31
BO 4115998 1 11
BO 4121351 4 10
BO 4126892 4 11
CW 4132343 1 15
BO 4132343 1 11
CW 4137794 2 15
BO 4137794 2 4
BO 4143281 2 3
BO 4148759 2 4
BO 4154210 4 9
BO 4159661 1 4
BO 4165130 2 14
BO 4170590 1 3
CW 4176050 3 15
BO 4176050 3 4
CW 4181569 1 31
BO 4181569 1 20
CW 4181569 4 31
BO 4181569 4 8
BO 4186931 3 4
BO 4192418 3 3
BO 4197869 2 6
CW 4203397 3 31
BO 4203397 3 21
CW 4203397 4 63
BO 4203397 4 35
BO 4208768 2 12
CW 4214237 5 15
BO 4214237 5 5
CW 4219724 1 15
BO 4219724 1 1
BO 4225175 5 13
BO 4230626 1 5
BO 4236095 2 10
BO 4241564 1 4
BO 4247051 1 6
CW 4252502 3 15
BO 4252502 3 12
BO 4257953 5 13
BO 4263404 2 0
BO 4263404 2 3
CW 4268941 2 31
BO 4268941 2 15
CW 4268941 1 31
BO 4268941 1 2
BO 4274339 3 5
CW 4279790 4 15
BO 4279790 4 0
BO 4279790 4 6
BO 4285241 5 0
BO 4285241 5 6
CW 4290692 1 15
BO 4290692 1 4
BO 4296161 3 0
BO 4296161 3 12
CW 4301680 1 31
BO 4301680 1 14
CW 4301680 4 31
BO 4301680 4 2
BO 4307024 5 2
CW 4312552 5 31
BO 4312552 5 22
CW 4312552 4 63
BO 4312552 4 15
CW 4317923 2 15
BO 4317923 2 4
BO 4323392 3 0
BO 4323392 3 8
BO 4328852 2 0
BO 4328852 2 11
CW 4334321 1 15
BO 4334321 1 15
BO 4339799 3 1
BO 4345259 3 12
CW 4350719 4 15
BO 4350719 4 3
BO 4356170 2 9
BO 4361639 4 8
CW 4367108 5 15
BO 4367108 5 7
BO 4372559 1 3
CW 4378087 3 31
BO 4378087 3 8
CW 4378087 2 31
BO 4378087 2 14
BO 4383431 1 7
BO 4388882 4 4
BO 4394342 5 2
CW 4399870 5 31
BO 4399870 5 26
CW 4399870 4 31
BO 4399870 4 19
BO 4405223 1 7
CW 4410674 3 15
BO 4410674 3 14
CW 4416170 2 15
BO 4416170 2 14
BO 4421621 1 5
BO 4427117 1 0
BO 4427117 1 2
BO 4432577 3 10
BO 4438028 1 12
CW 4443497 4 15
BO 4443497 4 6
BO 4448957 2 6
CW 4454503 4 31
BO 4454503 4 26
CW 4454503 5 63
BO 4454503 5 42
CW 4454503 3 31
BO 4454503 3 21
BO 4459856 2 4
BO 4465307 1 5
BO 4470785 2 12
BO 4476245 1 0
BO 4476245 1 2
BO 4481714 1 3
BO 4487192 1 6
BO 4492670 2 6
BO 4498139 1 9
CW 4503590 3 15
BO 4503590 3 3
BO 4509059 2 11
BO 4514510 3 6
CW 4519961 4 15
BO 4519961 4 0
BO 4519961 4 10
BO 4525439 1 9
BO 4530899 3 8
BO 4536377 2 6
BO 4541828 4 10
BO 4547297 1 2
BO 4552748 3 12
CW 4558199 5 15
BO 4558199 5 9
CW 4563709 1 31
BO 4563709 1 8
CW 4563709 2 31
BO 4563709 2 13
BO 4569089 4 1
BO 4574549 4 2
BO 4580009 5 10
BO 4585460 4 13
BO 4590911 3 15
CW 4596380 1 15
BO 4596380 1 3
BO 4601858 1 6
CW 4607309 2 15
BO 4607309 2 0
BO 4607309 2 13
BO 4612760 5 4
BO 4618238 4 6
CW 4623748 5 31
BO 4623748 5 13
CW 4623748 1 31
BO 4623748 1 5
BO 4629101 3 10
BO 4634579 4 12
CW 4640098 2 31
BO 4640098 2 30
CW 4640098 1 63
BO 4640098 1 35
BO 4645478 3 1
BO 4650938 3 15
CW 4656389 5 15
BO 4656389 5 2
CW 4661917 5 31
BO 4661917 5 29
CW 4661917 4 31
BO 4661917 4 8
BO 4667360 3 5
BO 4672856 3 6
CW 4678325 4 15
BO 4678325 4 0
BO 4678325 4 5
CW 4683862 3 31
BO 4683862 3 23
CW 4683862 2 63
BO 4683862 2 54
BO 4689215 4 10
CW 4694684 1 15
BO 4694684 1 14
BO 4700198 4 15
CW 4705676 5 15
BO 4705676 5 4
BO 4711145 1 5
BO 4716605 5 3
CW 4722142 5 31
BO 4722142 5 19
CW 4722142 1 31
BO 4722142 1 29
CW 4722142 3 63
BO 4722142 3 54
BO 4727504 4 6
BO 4733009 4 0
BO 4733009 4 6
BO 4738514 4 6
CW 4744010 5 15
BO 4744010 5 6
BO 4749461 4 3
BO 4754939 4 4
BO 4760399 5 2
CW 4765850 2 15
BO 4765850 2 9
CW 4771369 5 31
BO 4771369 5 14
CW 4771369 4 31
BO 4771369 4 9
CW 4771369 1 63
BO 4771369 1 5
BO 4776776 2 8
CW 4782272 1 15
BO 4782272 1 0
BO 4782272 1 6
BO 4787741 2 14
CW 4793192 4 15
BO 4793192 4 14
BO 4798661 1 14
CW 4804121 5 15
BO 4804121 5 5
CW 4809581 3 15
BO 4809581 3 14
BO 4815059 5 4
BO 4820528 2 3
BO 4825979 4 6
BO 4831430 5 3
CW 4836949 2 31
BO 4836949 2 21
CW 4836949 1 31
BO 4836949 1 23
BO 4842302 5 13
CW 4847821 3 31
BO 4847821 3 2
CW 4847821 4 31
BO 4847821 4 16
BO 4853264 5 14
CW 4858733 3 15
BO 4858733 3 4
CW 4864279 3 31
BO 4864279 3 17
CW 4864279 2 63
BO 4864279 2 58
CW 4869632 1 15
BO 4869632 1 10
BO 4875119 5 15
CW 4880579 4 15
BO 4880579 4 3
CW 4886116 4 31
BO 4886116 4 12
CW 4886116 1 31
BO 4886116 1 21
CW 4891514 3 15
BO 4891514 3 7
BO 4896983 5 15
BO 4902470 3 2
BO 4907939 3 9
CW 4913399 4 15
BO 4913399 4 8
BO 4918895 5 3
BO 4924355 3 9
CW 4929865 4 31
BO 4929865 4 17
CW 4929865 1 63
BO 4929865 1 57
BO 4935209 5 6
BO 4940714 5 4
BO 4946165 3 15
BO 4951643 5 7
CW 4957198 4 63
BO 4957198 4 18
CW 4957198 2 127
BO 4957198 2 92
BO 4962551 5 5
BO 4968029 3 12
BO 4973489 5 11
BO 4979030 3 9
BO 4984481 5 3
CW 4989932 4 15
BO 4989932 4 4
BO 4995401 5 5
BO 5000861 4 3
BO 5006330 3 6
CW 5011840 4 31
BO 5011840 4 30
CW 5011840 5 31
BO 5011840 5 6
BO 5017229 3 10
CW 5022707 1 15
BO 5022707 1 13
CW 5028176 5 15
BO 5028176 5 13
BO 5033654 3 7
BO 5039159 1 1
BO 5044610 3 15
BO 5050061 1 15
BO 5055512 5 11
CW 5061044 4 15
BO 5061044 4 8
BO 5066504 5 2
BO 5071964 3 7
CW 5077474 5 31
BO 5077474 5 14
CW 5077474 1 31
BO 5077474 1 17
BO 5082845 4 3
BO 5088314 3 8
BO 5093765 4 9
BO 5099279 3 5
BO 5104739 4 5
CW 5110190 5 15
BO 5110190 5 2
CW 5115718 5 31
BO 5115718 5 19
CW 5115718 3 31
BO 5115718 3 18
CW 5115718 1 63
BO 5115718 1 13
CW 5121062 2 15
BO 5121062 2 2
BO 5126513 4 0
BO 5126513 4 13
BO 5131973 2 0
BO 5131973 2 11
CW 5137514 1 15
BO 5137514 1 5
CW 5143024 2 31
BO 5143024 2 1
CW 5143024 4 31
BO 5143024 4 20
CW 5148395 3 15
BO 5148395 3 0
BO 5148395 3 13
CW 5153905 1 31
BO 5153905 1 23
CW 5153905 5 63
BO 5153905 5 48
CW 5159249 2 15
BO 5159249 2 0
BO 5159249 2 10
BO 5164790 2 14
BO 5170241 3 1
BO 5175701 3 8
CW 5181188 4 15
BO 5181188 4 2
BO 5186657 4 1
BO 5192108 3 7
CW 5197618 4 31
BO 5197618 4 29
CW 5197618 1 63
BO 5197618 1 56
BO 5203232 2 10
BO 5208719 3 15
BO 5214215 2 12
BO 5219747 3 8
CW 5225207 5 15
BO 5225207 5 6
BO 5230658 2 6
CW 5236136 4 15
BO 5236136 4 10
CW 5241655 3 31
BO 5241655 3 11
CW 5241655 5 31
BO 5241655 5 7
BO 5246999 2 9
CW 5252572 5 63
BO 5252572 5 2
CW 5252572 4 31
BO 5252572 4 30
BO 5257925 2 4
CW 5263385 3 15
BO 5263385 3 15
CW 5268836 5 15
BO 5268836 5 7
BO 5274296 2 8
BO 5279792 5 7
CW 5285320 2 31
BO 5285320 2 8
CW 5285320 1 127
BO 5285320 1 4
BO 5290691 3 12
BO 5296142 5 8
CW 5301620 1 15
BO 5301620 1 15
CW 5307098 2 15
BO 5307098 2 3
BO 5312549 5 2
CW 5318077 5 31
BO 5318077 5 25
CW 5318077 2 31
BO 5318077 2 9
CW 5318077 4 63
BO 5318077 4 49
CW 5318077 3 31
BO 5318077 3 31
BO 5323484 1 3
BO 5328962 1 13
CW 5334458 2 15
BO 5334458 2 10
BO 5339972 1 2
CW 5345500 1 31
BO 5345500 1 5
CW 5345500 2 31
BO 5345500 2 24
CW 5350880 5 15
BO 5350880 5 5
CW 5356435 5 31
BO 5356435 5 6
CW 5356435 1 63
BO 5356435 1 40
CW 5356435 3 63
BO 5356435 3 45
CW 5361932 4 15
BO 5361932 4 11
CW 5367442 5 63
BO 5367442 5 30
CW 5367442 2 63
BO 5367442 2 0
BO 5367442 2 29
BO 5372876 4 7
BO 5378390 4 5
BO 5383886 4 12
CW 5389409 1 15
BO 5389409 1 0
BO 5389409 1 7
BO 5394887 4 10
CW 5400338 3 15
BO 5400338 3 1
CW 5405857 3 31
BO 5405857 3 23
CW 5405857 2 127
BO 5405857 2 78
CW 5411260 1 31
BO 5411260 1 14
CW 5411260 5 127
BO 5411260 5 122
BO 5416658 4 0
BO 5416658 4 13
BO 5422226 4 11
CW 5427677 1 15
BO 5427677 1 1
CW 5433196 1 31
BO 5433196 1 31
CW 5433196 3 63
BO 5433196 3 43
BO 5438612 4 0
BO 5438612 4 8
BO 5444135 4 1
BO 5449595 4 15
BO 5455181 4 5
CW 5460668 1 15
BO 5460668 1 6
BO 5466119 4 10
BO 5471615 1 15
CW 5477161 4 31
BO 5477161 4 25
CW 5477161 3 127
BO 5477161 3 87
CW 5482514 2 15
BO 5482514 2 2
BO 5487983 2 3
BO 5493461 2 0
BO 5493461 2 7
BO 5498921 1 15
BO 5504417 2 1
BO 5509877 2 8
BO 5515391 1 4
CW 5520901 2 31
BO 5520901 2 17
CW 5520901 4 63
BO 5520901 4 43
BO 5526272 1 9
BO 5531804 1 9
CW 5537318 2 15
BO 5537318 2 7
BO 5542778 1 3
CW 5548229 5 15
BO 5548229 5 13
BO 5553698 1 15
BO 5559158 2 14
BO 5564681 5 7
BO 5570168 1 15
BO 5575619 2 11
BO 5581079 5 14
CW 5586530 4 15
BO 5586530 4 7
BO 5592044 4 14
BO 5597495 2 10
BO 5602964 1 12
CW 5608483 3 255
BO 5608483 3 196
CW 5608483 5 31
BO 5608483 5 27
BO 5613872 2 15
BO 5619341 4 6
BO 5624801 1 4
CW 5630347 1 31
BO 5630347 1 6
CW 5630347 4 31
BO 5630347 4 20
BO 5635736 2 9
CW 5641241 1 15
BO 5641241 1 0
BO 5641241 1 8
BO 5646710 2 1
CW 5652229 2 31
BO 5652229 2 15
CW 5652229 5 63
BO 5652229 5 52
BO 5657600 1 12
CW 5663087 4 15
BO 5663087 4 3
BO 5668565 4 0
BO 5668565 4 11
BO 5674043 1 8
CW 5679512 2 15
BO 5679512 2 12
BO 5684999 4 2
BO 5690450 1 2
BO 5695910 4 1
BO 5701361 1 5
BO 5706812 4 9
BO 5712281 2 11
BO 5717741 1 12
BO 5723228 4 4
CW 5728774 4 31
BO 5728774 4 21
CW 5728774 2 31
BO 5728774 2 1
BO 5734136 1 11
CW 5739596 2 15
BO 5739596 2 11
CW 5745101 5 15
BO 5745101 5 14
BO 5750570 1 6
BO 5756030 2 6
BO 5761517 1 11
BO 5766977 2 9
CW 5772428 4 15
BO 5772428 4 0
BO 5772428 4 4
BO 5777888 5 7
BO 5783357 4 13
CW 5788894 1 31
BO 5788894 1 12
CW 5788894 2 31
BO 5788894 2 21
BO 5794238 5 4
BO 5799725 5 7
BO 5805203 4 6
CW 5810740 5 31
BO 5810740 5 27
CW 5810740 1 63
BO 5810740 1 45
BO 5816102 4 7
CW 5821598 2 15
BO 5821598 2 2
BO 5827058 4 3
BO 5832509 2 4
BO 5837978 4 15
BO 5843438 2 14
CW 5849065 5 63
BO 5849065 5 48
CW 5849065 4 31
BO 5849065 4 0
BO 5849065 4 5
BO 5854409 2 12
CW 5859905 4 15
BO 5859905 4 5
BO 5865401 4 10
BO 5870852 2 0
BO 5870852 2 1
BO 5876312 2 6
CW 5881772 1 15
BO 5881772 1 8
BO 5887259 2 7
BO 5892710 4 7
BO 5898179 1 10
BO 5903657 2 6
BO 5909108 4 3
BO 5914586 4 12
CW 5920105 1 31
BO 5920105 1 15
CW 5920105 2 31
BO 5920105 2 5
CW 5925503 3 15
BO 5925503 3 10
BO 5930981 4 10
CW 5936432 5 15
BO 5936432 5 15
CW 5941883 2 15
BO 5941883 2 14
BO 5947370 3 0
BO 5947370 3 6
BO 5952848 4 12
CW 5958299 1 15
BO 5958299 1 5
BO 5963759 3 2
CW 5969287 3 31
BO 5969287 3 25
CW 5969287 5 31
BO 5969287 5 14
CW 5969287 2 31
BO 5969287 2 1
BO 5974631 1 15
CW 5980091 2 15
BO 5980091 2 9
BO 5985569 4 2
BO 5991038 4 13
BO 5996507 2 3
CW 6001976 5 15
BO 6001976 5 3
Spatial Reuse Statistics
Scenario: logdistance
APs: 1
Nodes per AP: 5
Distance between APs [m]: 10
Radius [m]: 0.1
Uplink [Mbps]: 400
Downlink [Mbps]: 0
Uplink Efficiency   12.9726 [%]
Downlink Efficiency 0 [%]
Throughput,  AP1 Uplink   [Mbps] : 51.8905
Throughput,  AP1 Downlink [Mbps] : 0
Total Throughput Uplink   [Mbps] : 51.8905
Total Throughput Downlink [Mbps] : 0
Spatial Reuse Stats written to: spatial-reuse-SR-stats-Sim0_1.dat
0 matching data points
0 matching data points
0 matching data points
0 matching data points
0 matching data points
0 matching data points
Complete.  Removing the following files:
../../../spatial-reuse-A-Sim0_1.flowmon
../../../spatial-reuse-SR-stats-Sim0_1.dat
../../../spatial-reuse-operatorA-Sim0_1
../../../spatial-reuse-positions-Sim0_1.csv
../../../spatial-reuse-state-Sim0_1.dat
../../../spatial-reuse-tgax-calibration-timings-Sim0_1.dat
