Running Sim0_1
Waf: Entering directory `/home/kajihara/backoff/build'
Waf: Leaving directory `/home/kajihara/backoff/build'
Build commands will be stored in build/compile_commands.json
'build' finished successfully (0.420s)
Uplink interval:+294000.0ns Downlink interval:+0.0ns
ApplicationTxStart: 1 Duration: 5
nBss: 1 nStas/Bss: 10 => nStas: 10
BO 0 0 7
CW 1000151 1 31
BO 1000151 1 20
CW 1000151 2 31
BO 1000151 2 14
CW 1000151 3 31
BO 1000151 3 10
CW 1000151 4 31
BO 1000151 4 8
CW 1000151 5 31
BO 1000151 5 13
CW 1000151 6 31
BO 1000151 6 27
CW 1000151 7 31
BO 1000151 7 24
CW 1000151 8 31
BO 1000151 8 8
CW 1000151 9 31
BO 1000151 9 2
CW 1000151 10 31
BO 1000151 10 21
BO 1000288 0 4
CW 1000348 9 15
BO 1000348 9 12
BO 1000563 0 10
CW 1000757 4 63
BO 1000757 4 62
CW 1000757 8 63
BO 1000757 8 19
CW 1000870 3 15
BO 1000870 3 13
CW 1001067 5 15
BO 1001067 5 11
CW 1001246 2 15
BO 1001246 2 3
BO 1001561 9 6
BO 1001698 2 1
BO 1001758 0 0
BO 1001758 0 12
BO 1001870 3 12
CW 1001961 1 63
BO 1001961 1 40
BO 1002067 5 13
CW 1002113 2 31
BO 1002113 2 22
CW 1002217 10 15
BO 1002217 10 4
CW 1002414 7 15
BO 1002414 7 15
CW 1002611 6 15
BO 1002611 6 9
CW 1002808 8 15
BO 1002808 8 5
BO 1002987 0 1
CW 1003190 0 31
BO 1003190 0 25
BO 1003217 10 15
CW 1003342 3 31
BO 1003342 3 12
BO 1003414 7 15
BO 1003582 5 5
BO 1003611 6 7
BO 1003906 8 9
BO 1004266 6 4
CW 1004590 2 15
BO 1004590 2 9
CW 1004923 3 15
BO 1004923 3 1
BO 1005247 10 13
BO 1005562 7 13
CW 1005813 0 15
BO 1005813 0 12
CW 1006001 1 15
BO 1006001 1 10
BO 1006210 1 6
BO 1006270 0 11
CW 1006449 4 15
BO 1006449 4 11
BO 1006809 1 12
BO 1007024 0 2
BO 1007339 4 10
BO 1007527 0 15
BO 1007841 0 9
BO 1008101 0 4
BO 1008256 1 7
BO 1008256 2 2
BO 1008256 3 11
BO 1008256 4 5
BO 1008256 5 1
BO 1008256 6 3
BO 1008256 7 13
BO 1008256 8 11
BO 1008256 9 12
BO 1008256 10 11
BO 1008316 0 9
BO 1008640 5 1
BO 1009151 2 6
CW 1009909 5 31
BO 1009909 5 27
CW 1010101 6 31
BO 1010101 6 25
BO 1011462 4 7
BO 1013882 1 1
CW 1015601 1 31
BO 1015601 1 14
CW 1017501 2 31
BO 1017501 2 30
CW 1022913 3 31
BO 1022913 3 20
CW 1022913 8 31
BO 1022913 8 28
CW 1022913 10 31
BO 1022913 10 15
BO 1028257 9 14
CW 1033767 7 31
BO 1033767 7 19
CW 1033767 4 31
BO 1033767 4 23
CW 1039201 1 15
BO 1039201 1 5
BO 1044670 9 11
CW 1050121 10 15
BO 1050121 10 5
BO 1055581 1 7
CW 1061091 6 63
BO 1061091 6 37
CW 1061091 5 63
BO 1061091 5 26
CW 1066444 3 15
BO 1066444 3 3
BO 1071895 10 3
BO 1077364 3 11
CW 1082874 10 31
BO 1082874 10 12
CW 1082874 1 31
BO 1082874 1 19
BO 1088218 9 10
CW 1093678 8 15
BO 1093678 8 12
CW 1099129 2 15
BO 1099129 2 11
CW 1104589 7 15
BO 1104589 7 4
CW 1110067 4 15
BO 1110067 4 9
CW 1115577 7 31
BO 1115577 7 17
CW 1115577 3 31
BO 1115577 3 13
BO 1120921 9 14
CW 1126381 10 15
BO 1126381 10 15
CW 1131900 8 31
BO 1131900 8 12
CW 1131900 2 31
BO 1131900 2 11
BO 1137271 4 6
CW 1142722 1 15
BO 1142722 1 5
CW 1148173 5 15
BO 1148173 5 2
BO 1153642 5 14
CW 1159093 3 15
BO 1159093 3 7
CW 1164603 1 31
BO 1164603 1 9
CW 1164603 9 31
BO 1164603 9 13
CW 1164603 4 31
BO 1164603 4 29
CW 1170024 7 63
BO 1170024 7 48
CW 1170024 10 31
BO 1170024 10 2
CW 1175377 2 15
BO 1175377 2 8
CW 1180887 8 63
BO 1180887 8 4
CW 1180887 6 127
BO 1180887 6 120
BO 1186231 3 15
CW 1191682 10 15
BO 1191682 10 2
BO 1197151 10 14
CW 1202602 8 15
BO 1202602 8 5
CW 1208112 1 63
BO 1208112 1 49
CW 1208112 5 31
BO 1208112 5 24
BO 1213456 2 8
CW 1218925 9 15
BO 1218925 9 13
BO 1224376 8 2
BO 1229845 8 12
CW 1235364 3 31
BO 1235364 3 26
CW 1235364 2 31
BO 1235364 2 22
BO 1240726 10 9
BO 1246213 9 1
CW 1251732 9 31
BO 1251732 9 19
CW 1251732 4 63
BO 1251732 4 21
BO 1257076 8 9
BO 1262536 10 11
CW 1268005 5 15
BO 1268005 5 13
BO 1273492 8 12
BO 1278970 10 12
CW 1284421 2 15
BO 1284421 2 8
CW 1289958 3 63
BO 1289958 3 38
CW 1289958 5 31
BO 1289958 5 11
CW 1295361 9 63
BO 1295361 9 23
CW 1295361 7 127
BO 1295361 7 73
CW 1300714 4 15
BO 1300714 4 1
BO 1306165 8 1
CW 1311675 4 31
BO 1311675 4 4
CW 1311675 2 31
BO 1311675 2 23
BO 1317019 8 2
BO 1322479 10 14
BO 1327930 8 5
CW 1333449 1 127
BO 1333449 1 72
CW 1333449 4 63
BO 1333449 4 23
CW 1338802 5 15
BO 1338802 5 5
BO 1344262 8 5
BO 1349740 5 4
BO 1355200 8 13
BO 1360660 10 9
BO 1366111 5 14
CW 1371580 9 15
BO 1371580 9 10
CW 1377049 2 15
BO 1377049 2 15
BO 1382518 10 12
BO 1387978 8 10
CW 1393438 4 15
BO 1393438 4 1
BO 1398889 9 11
CW 1404399 4 31
BO 1404399 4 12
CW 1404399 5 31
BO 1404399 5 17
CW 1409743 3 15
BO 1409743 3 4
BO 1415230 3 13
CW 1420740 2 31
BO 1420740 2 14
CW 1420740 10 31
BO 1420740 10 20
CW 1420740 8 31
BO 1420740 8 10
BO 1426111 9 1
BO 1431571 9 15
CW 1437022 4 15
BO 1437022 4 1
BO 1442482 4 0
BO 1442482 4 9
CW 1447951 5 15
BO 1447951 5 8
BO 1453402 3 13
CW 1458862 8 15
BO 1458862 8 11
CW 1464399 2 63
BO 1464399 2 30
CW 1464399 4 31
BO 1464399 4 27
BO 1469752 5 4
BO 1475203 9 12
CW 1480672 10 15
BO 1480672 10 15
BO 1486123 5 7
CW 1491633 3 31
BO 1491633 3 21
CW 1491633 8 31
BO 1491633 8 29
CW 1496986 6 15
BO 1496986 6 5
CW 1502446 7 15
BO 1502446 7 14
BO 1507915 5 8
CW 1513425 6 31
BO 1513425 6 23
CW 1513425 9 31
BO 1513425 9 21
CW 1518805 1 15
BO 1518805 1 3
BO 1524256 10 9
BO 1529716 5 5
BO 1535167 1 8
BO 1540627 7 7
CW 1546155 5 31
BO 1546155 5 19
CW 1546155 4 63
BO 1546155 4 8
CW 1551567 3 63
BO 1551567 3 22
CW 1551567 10 31
BO 1551567 10 25
CW 1556911 2 15
BO 1556911 2 6
BO 1562362 1 2
BO 1567813 7 11
BO 1573273 1 5
CW 1578801 8 63
BO 1578801 8 30
CW 1578801 2 31
BO 1578801 2 29
CW 1584145 4 15
BO 1584145 4 13
CW 1589664 1 31
BO 1589664 1 20
CW 1589664 9 63
BO 1589664 9 20
CW 1595017 6 15
BO 1595017 6 10
BO 1600477 7 14
CW 1605964 5 15
BO 1605964 5 15
BO 1611433 4 6
CW 1616943 3 127
BO 1616943 3 44
CW 1616943 6 31
BO 1616943 6 3
CW 1622305 10 15
BO 1622305 10 14
CW 1627833 7 31
BO 1627833 7 10
CW 1627833 4 31
BO 1627833 4 31
CW 1633177 6 15
BO 1633177 6 8
CW 1638705 1 63
BO 1638705 1 44
CW 1638705 9 127
BO 1638705 9 85
BO 1644058 5 9
CW 1649527 2 15
BO 1649527 2 0
BO 1649527 2 10
CW 1655037 8 127
BO 1655037 8 105
CW 1655037 6 31
BO 1655037 6 7
CW 1660449 7 63
BO 1660449 7 37
CW 1660449 10 31
BO 1660449 10 20
BO 1665820 5 11
CW 1671357 6 63
BO 1671357 6 43
CW 1671357 2 31
BO 1671357 2 29
BO 1676764 5 15
CW 1682251 4 15
BO 1682251 4 2
BO 1687720 4 6
CW 1693171 10 15
BO 1693171 10 14
CW 1698658 3 15
BO 1698658 3 11
BO 1704109 4 10
BO 1709560 5 12
CW 1715065 1 15
BO 1715065 1 14
BO 1720516 10 9
CW 1726035 7 127
BO 1726035 7 41
CW 1726035 3 31
BO 1726035 3 23
CW 1726035 4 31
BO 1726035 4 31
BO 1731397 5 0
BO 1731397 5 3
CW 1736848 2 15
BO 1736848 2 10
BO 1742317 5 8
BO 1747768 10 6
BO 1753246 1 7
CW 1758774 10 31
BO 1758774 10 9
CW 1758774 2 31
BO 1758774 2 9
BO 1764118 5 12
CW 1769578 6 15
BO 1769578 6 1
CW 1775097 6 31
BO 1775097 6 23
CW 1775097 1 31
BO 1775097 1 29
CW 1780545 10 63
BO 1780545 10 18
CW 1780545 2 63
BO 1780545 2 8
CW 1785889 3 15
BO 1785889 3 3
BO 1791349 5 0
BO 1791349 5 6
BO 1796809 3 10
CW 1802287 4 15
BO 1802287 4 3
CW 1807797 5 31
BO 1807797 5 24
CW 1807797 2 127
BO 1807797 2 117
CW 1813150 9 15
BO 1813150 9 13
BO 1818601 4 5
BO 1824070 3 15
CW 1829598 4 31
BO 1829598 4 16
CW 1829598 7 255
BO 1829598 7 52
CW 1834942 10 15
BO 1834942 10 8
CW 1840420 6 15
BO 1840420 6 2
BO 1845880 9 13
BO 1851331 6 12
BO 1856791 10 11
CW 1862242 1 15
BO 1862242 1 6
BO 1867702 3 8
CW 1873248 1 31
BO 1873248 1 27
CW 1873248 4 63
BO 1873248 4 32
CW 1873248 5 63
BO 1873248 5 2
CW 1878592 8 15
BO 1878592 8 8
CW 1884111 9 31
BO 1884111 9 23
CW 1884111 6 31
BO 1884111 6 25
CW 1889514 3 31
BO 1889514 3 15
CW 1889514 10 31
BO 1889514 10 24
CW 1889514 5 127
BO 1889514 5 104
BO 1894903 8 7
BO 1900417 8 5
BO 1905913 8 3
CW 1911373 3 15
BO 1911373 3 3
CW 1916892 8 31
BO 1916892 8 26
CW 1916892 9 63
BO 1916892 9 4
CW 1922236 1 15
BO 1922236 1 4
CW 1927746 3 31
BO 1927746 3 27
CW 1927746 6 63
BO 1927746 6 18
CW 1933176 1 31
BO 1933176 1 2
CW 1933176 4 127
BO 1933176 4 117
CW 1933176 9 127
BO 1933176 9 98
CW 1938520 10 15
BO 1938520 10 15
CW 1943971 7 15
BO 1943971 7 14
CW 1949431 1 15
BO 1949431 1 1
BO 1954891 1 9
BO 1960423 1 6
CW 1965933 10 31
BO 1965933 10 14
CW 1965933 7 31
BO 1965933 7 12
CW 1971286 6 15
BO 1971286 6 1
BO 1976746 6 14
CW 1982197 8 15
BO 1982197 8 1
BO 1987648 1 1
BO 1993099 8 8
BO 1998550 1 13
CW 2004019 3 15
BO 2004019 3 8
CW 2009497 7 15
BO 2009497 7 10
BO 2014948 8 1
CW 2020399 10 15
BO 2020399 10 7
BO 2025850 8 6
BO 2031301 6 11
BO 2036752 3 4
BO 2042212 1 8
CW 2047740 3 31
BO 2047740 3 16
CW 2047740 10 31
BO 2047740 10 28
CW 2047740 8 31
BO 2047740 8 11
BO 2053084 7 6
CW 2058630 6 31
BO 2058630 6 30
CW 2058630 1 31
BO 2058630 1 26
BO 2063983 7 15
CW 2069470 8 15
BO 2069470 8 7
CW 2074948 2 15
BO 2074948 2 2
CW 2080399 3 15
BO 2080399 3 2
BO 2085859 2 10
CW 2091369 3 31
BO 2091369 3 16
CW 2091369 8 31
BO 2091369 8 3
BO 2096731 7 11
CW 2102209 8 15
BO 2102209 8 1
CW 2107728 8 31
BO 2107728 8 5
CW 2107728 10 63
BO 2107728 10 38
BO 2113072 2 13
CW 2118550 1 15
BO 2118550 1 2
BO 2124001 7 6
CW 2129452 8 15
BO 2129452 8 11
BO 2134903 1 10
CW 2140413 6 63
BO 2140413 6 56
CW 2140413 5 255
BO 2140413 5 185
CW 2145766 3 15
BO 2145766 3 10
BO 2151226 7 0
BO 2151226 7 3
BO 2156686 2 10
BO 2162146 7 13
CW 2167665 8 31
BO 2167665 8 29
CW 2167665 1 31
BO 2167665 1 20
BO 2173027 3 9
BO 2178505 2 4
CW 2183965 9 15
BO 2183965 9 14
CW 2189493 2 31
BO 2189493 2 17
CW 2189493 7 31
BO 2189493 7 8
BO 2194837 3 14
CW 2200351 10 15
BO 2200351 10 7
CW 2205802 7 15
BO 2205802 7 6
CW 2211321 1 63
BO 2211321 1 52
CW 2211321 9 31
BO 2211321 9 14
CW 2216751 4 255
BO 2216751 4 152
CW 2216751 3 31
BO 2216751 3 0
BO 2216751 3 9
CW 2222154 7 31
BO 2222154 7 24
CW 2222154 10 31
BO 2222154 10 26
CW 2227507 2 15
BO 2227507 2 8
CW 2232967 8 15
BO 2232967 8 6
CW 2238463 3 15
BO 2238463 3 3
CW 2243973 8 31
BO 2243973 8 3
CW 2243973 2 31
BO 2243973 2 23
CW 2249394 3 31
BO 2249394 3 2
CW 2249394 9 63
BO 2249394 9 16
CW 2254765 8 15
BO 2254765 8 9
CW 2260225 6 15
BO 2260225 6 7
CW 2265676 3 15
BO 2265676 3 2
BO 2271145 3 13
CW 2276614 7 15
BO 2276614 7 10
CW 2282124 8 31
BO 2282124 8 14
CW 2282124 6 31
BO 2282124 6 10
CW 2287468 10 15
BO 2287468 10 0
BO 2287468 10 15
CW 2292964 9 15
BO 2292964 9 5
CW 2298492 2 63
BO 2298492 2 17
CW 2298492 3 31
BO 2298492 3 14
CW 2298492 7 31
BO 2298492 7 29
CW 2303845 6 15
BO 2303845 6 8
BO 2309296 9 13
CW 2314765 8 15
BO 2314765 8 9
BO 2320216 10 11
BO 2325694 6 8
CW 2331163 1 15
BO 2331163 1 5
BO 2336623 8 12
CW 2342133 3 63
BO 2342133 3 55
CW 2342133 9 31
BO 2342133 9 8
BO 2347486 10 5
CW 2352996 1 31
BO 2352996 1 12
CW 2352996 2 127
BO 2352996 2 37
CW 2352996 6 31
BO 2352996 6 18
BO 2358376 10 8
CW 2363845 9 15
BO 2363845 9 11
BO 2369296 8 5
CW 2374765 7 15
BO 2374765 7 2
BO 2380225 10 10
CW 2385735 7 31
BO 2385735 7 18
CW 2385735 8 31
BO 2385735 8 0
BO 2385735 8 4
CW 2391097 1 15
BO 2391097 1 2
BO 2396557 9 3
BO 2402008 1 9
CW 2407468 8 15
BO 2407468 8 9
CW 2412978 9 31
BO 2412978 9 17
CW 2412978 6 63
BO 2412978 6 33
BO 2418322 10 2
BO 2423791 10 12
BO 2429260 1 0
BO 2429260 1 2
BO 2434720 8 13
BO 2440171 1 10
CW 2445640 7 15
BO 2445640 7 12
BO 2451118 10 6
CW 2456637 9 63
BO 2456637 9 1
CW 2456637 2 255
BO 2456637 2 68
BO 2461990 1 8
CW 2467509 8 31
BO 2467509 8 17
CW 2467509 9 127
BO 2467509 9 74
BO 2472853 10 6
BO 2478313 7 8
BO 2483791 1 3
CW 2489301 10 31
BO 2489301 10 17
CW 2489301 3 127
BO 2489301 3 20
BO 2494663 1 6
CW 2500173 7 31
BO 2500173 7 3
CW 2500173 6 127
BO 2500173 6 104
BO 2505562 1 3
CW 2511013 8 15
BO 2511013 8 6
CW 2516541 1 31
BO 2516541 1 10
CW 2516541 7 63
BO 2516541 7 58
BO 2521912 8 6
CW 2527381 10 15
BO 2527381 10 6
CW 2532850 3 15
BO 2532850 3 13
BO 2538301 8 2
CW 2543829 8 31
BO 2543829 8 25
CW 2543829 10 31
BO 2543829 10 6
CW 2549173 1 15
BO 2549173 1 14
CW 2554737 5 511
BO 2554737 5 12
CW 2554737 10 63
BO 2554737 10 34
BO 2560090 3 15
CW 2565550 4 15
BO 2565550 4 5
BO 2571028 1 5
BO 2576488 4 14
BO 2581966 1 11
CW 2587417 5 15
BO 2587417 5 6
BO 2592886 3 2
CW 2598337 8 15
BO 2598337 8 4
BO 2603797 3 11
BO 2609248 5 0
BO 2609248 5 10
CW 2614699 2 15
BO 2614699 2 11
BO 2620150 8 0
BO 2620150 8 2
BO 2625601 4 5
BO 2631052 1 10
BO 2636503 8 11
BO 2641981 4 4
CW 2647432 9 15
BO 2647432 9 5
CW 2652942 3 31
BO 2652942 3 11
CW 2652942 5 31
BO 2652942 5 30
BO 2658295 2 1
BO 2663746 4 0
BO 2663746 4 15
CW 2669256 2 31
BO 2669256 2 9
CW 2669256 10 127
BO 2669256 10 5
CW 2669256 1 31
BO 2669256 1 15
BO 2674600 9 6
BO 2680051 8 5
CW 2685511 7 15
BO 2685511 7 4
CW 2690980 10 15
BO 2690980 10 6
CW 2696490 8 31
BO 2696490 8 10
CW 2696490 9 31
BO 2696490 9 12
BO 2701834 7 5
CW 2707285 3 15
BO 2707285 3 14
CW 2712736 2 15
BO 2712736 2 6
BO 2718205 10 7
CW 2723715 7 31
BO 2723715 7 7
CW 2723715 4 31
BO 2723715 4 18
CW 2729068 1 15
BO 2729068 1 1
BO 2734519 2 1
BO 2739970 1 14
CW 2745480 2 31
BO 2745480 2 19
CW 2745480 8 63
BO 2745480 8 25
CW 2750892 9 63
BO 2750892 9 8
CW 2750892 10 31
BO 2750892 10 26
CW 2756313 7 63
BO 2756313 7 58
CW 2756313 3 31
BO 2756313 3 27
CW 2761684 5 15
BO 2761684 5 5
CW 2767230 9 127
BO 2767230 9 3
CW 2767230 1 31
BO 2767230 1 22
BO 2772574 5 5
CW 2778025 4 15
BO 2778025 4 12
CW 2783494 9 15
BO 2783494 9 10
BO 2788954 5 5
CW 2794464 2 63
BO 2794464 2 2
CW 2794464 6 255
BO 2794464 6 13
BO 2799844 5 11
CW 2805295 8 15
BO 2805295 8 1
BO 2810746 4 1
CW 2816256 8 31
BO 2816256 8 6
CW 2816256 9 31
BO 2816256 9 4
CW 2816256 2 127
BO 2816256 2 119
BO 2821600 4 9
CW 2827051 10 15
BO 2827051 10 14
CW 2832529 9 15
BO 2832529 9 3
CW 2837980 3 15
BO 2837980 3 15
CW 2843490 1 63
BO 2843490 1 58
CW 2843490 8 63
BO 2843490 8 57
BO 2848834 5 8
BO 2854285 9 5
CW 2859795 6 511
BO 2859795 6 269
CW 2859795 4 31
BO 2859795 4 4
BO 2865175 9 6
BO 2870626 10 15
BO 2876077 5 6
CW 2881546 4 15
BO 2881546 4 1
CW 2887065 4 31
BO 2887065 4 10
CW 2887065 3 31
BO 2887065 3 27
CW 2887065 9 31
BO 2887065 9 30
BO 2892418 5 2
BO 2897887 5 13
BO 2903374 10 3
CW 2908843 4 15
BO 2908843 4 3
BO 2914294 10 5
CW 2919745 7 15
BO 2919745 7 4
BO 2925205 4 9
BO 2930665 5 15
CW 2936175 7 31
BO 2936175 7 31
CW 2936175 10 31
BO 2936175 10 23
BO 2941573 4 10
CW 2947042 3 15
BO 2947042 3 3
CW 2952511 9 15
BO 2952511 9 15
BO 2957962 3 6
BO 2963413 5 10
BO 2968882 4 2
CW 2974410 4 31
BO 2974410 4 8
CW 2974410 3 31
BO 2974410 3 11
CW 2979772 8 15
BO 2979772 8 5
CW 2985223 1 15
BO 2985223 1 15
BO 2990674 5 15
BO 2996143 9 6
BO 3001594 8 9
CW 3007045 10 15
BO 3007045 10 11
CW 3012505 4 15
BO 3012505 4 13
CW 3018033 3 63
BO 3018033 3 37
CW 3018033 9 31
BO 3018033 9 24
CW 3023395 7 15
BO 3023395 7 8
BO 3028846 8 13
BO 3034297 1 3
BO 3039748 5 13
BO 3045199 10 11
BO 3050659 1 7
BO 3056119 4 11
BO 3061570 7 5
BO 3067057 1 11
CW 3072567 7 31
BO 3072567 7 19
CW 3072567 8 31
BO 3072567 8 19
BO 3077911 10 13
BO 3083362 5 8
BO 3088831 4 14
CW 3094318 9 15
BO 3094318 9 5
CW 3099828 1 31
BO 3099828 1 6
CW 3099828 5 31
BO 3099828 5 19
BO 3105199 10 14
BO 3110650 9 5
BO 3116128 4 10
CW 3121638 7 63
BO 3121638 7 36
CW 3121638 8 63
BO 3121638 8 39
CW 3127041 9 31
BO 3127041 9 1
CW 3127041 1 63
BO 3127041 1 34
CW 3132385 3 15
BO 3132385 3 7
CW 3137836 2 15
BO 3137836 2 5
CW 3143287 9 15
BO 3143287 9 2
BO 3148756 9 0
BO 3148756 9 6
CW 3154275 2 31
BO 3154275 2 15
CW 3154275 10 31
BO 3154275 10 14
CW 3159678 4 31
BO 3159678 4 4
CW 3159678 3 31
BO 3159678 3 6
CW 3165108 9 31
BO 3165108 9 25
CW 3165108 5 63
BO 3165108 5 26
CW 3170488 4 15
BO 3170488 4 11
CW 3175948 3 15
BO 3175948 3 8
CW 3181426 10 15
BO 3181426 10 9
CW 3186877 2 15
BO 3186877 2 14
BO 3192355 3 3
BO 3197806 4 12
BO 3203275 3 8
BO 3208726 10 2
CW 3214186 1 15
BO 3214186 1 0
BO 3214186 1 9
CW 3219696 10 31
BO 3219696 10 15
CW 3219696 7 127
BO 3219696 7 87
CW 3225117 8 127
BO 3225117 8 92
CW 3225117 2 31
BO 3225117 2 10
BO 3230470 3 13
BO 3235921 4 13
CW 3241372 9 15
BO 3241372 9 9
CW 3246823 5 15
BO 3246823 5 12
BO 3252274 1 15
CW 3257779 2 15
BO 3257779 2 10
BO 3263230 9 13
CW 3268749 10 63
BO 3268749 10 20
CW 3268749 3 31
BO 3268749 3 13
BO 3274093 4 10
BO 3279544 5 5
BO 3285022 1 14
CW 3290541 5 31
BO 3290541 5 18
CW 3290541 2 31
BO 3290541 2 1
CW 3295971 9 31
BO 3295971 9 24
CW 3295971 4 31
BO 3295971 4 10
CW 3301324 2 15
BO 3301324 2 12
CW 3306775 3 15
BO 3306775 3 10
BO 3312271 1 13
CW 3317722 10 15
BO 3317722 10 11
CW 3323191 4 15
BO 3323191 4 6
BO 3328642 3 9
BO 3334093 2 5
CW 3339571 5 15
BO 3339571 5 0
BO 3339571 5 14
BO 3345022 4 1
BO 3350473 2 15
CW 3355983 4 31
BO 3355983 4 22
CW 3355983 10 31
BO 3355983 10 23
BO 3361327 1 10
BO 3366778 3 12
CW 3372247 9 15
BO 3372247 9 12
CW 3377811 5 31
BO 3377811 5 17
CW 3377811 1 31
BO 3377811 1 22
CW 3383232 2 31
BO 3383232 2 24
CW 3383232 3 31
BO 3383232 3 18
BO 3388594 9 2
BO 3394063 9 13
CW 3399532 4 15
BO 3399532 4 7
CW 3404983 10 15
BO 3404983 10 8
BO 3410488 4 2
CW 3415939 5 15
BO 3415939 5 1
BO 3421390 10 8
CW 3426900 5 31
BO 3426900 5 13
CW 3426900 4 31
BO 3426900 4 3
CW 3426900 9 31
BO 3426900 9 1
CW 3432253 3 15
BO 3432253 3 3
CW 3437763 1 63
BO 3437763 1 32
CW 3437763 7 255
BO 3437763 7 101
CW 3443107 9 15
BO 3443107 9 0
BO 3443107 9 2
CW 3448626 3 31
BO 3448626 3 23
CW 3448626 4 63
BO 3448626 4 10
BO 3453970 9 10
CW 3459480 2 63
BO 3459480 2 37
CW 3459480 10 31
BO 3459480 10 10
CW 3464833 8 15
BO 3464833 8 3
BO 3470311 8 6
CW 3475771 5 15
BO 3475771 5 4
CW 3481290 4 127
BO 3481290 4 68
CW 3481290 9 31
BO 3481290 9 27
CW 3486711 5 31
BO 3486711 5 16
CW 3486711 8 31
BO 3486711 8 13
CW 3486711 10 63
BO 3486711 10 54
CW 3492136 3 15
BO 3492136 3 8
CW 3497632 1 15
BO 3497632 1 0
BO 3497632 1 11
BO 3503101 3 8
CW 3508561 6 15
BO 3508561 6 3
CW 3514030 8 15
BO 3514030 8 5
BO 3519481 6 1
CW 3525000 6 31
BO 3525000 6 5
CW 3525000 2 127
BO 3525000 2 127
CW 3525000 5 63
BO 3525000 5 10
CW 3530403 9 63
BO 3530403 9 55
CW 3530403 1 31
BO 3530403 1 26
CW 3530403 3 31
BO 3530403 3 4
BO 3535756 8 12
CW 3541234 6 15
BO 3541234 6 0
BO 3541234 6 8
CW 3546685 3 15
BO 3546685 3 12
CW 3552163 5 15
BO 3552163 5 1
BO 3557623 5 15
CW 3563142 8 31
BO 3563142 8 12
CW 3563142 6 31
BO 3563142 6 15
BO 3568522 3 15
CW 3574104 1 63
BO 3574104 1 62
CW 3574104 5 31
BO 3574104 5 2
CW 3579475 8 15
BO 3579475 8 14
CW 3585003 6 63
BO 3585003 6 56
CW 3585003 3 31
BO 3585003 3 21
CW 3585003 5 63
BO 3585003 5 60
CW 3590347 10 15
BO 3590347 10 12
CW 3595825 4 15
BO 3595825 4 2
BO 3601294 4 14
BO 3606772 8 12
BO 3612232 10 14
CW 3617737 7 15
BO 3617737 7 15
CW 3623188 9 15
BO 3623188 9 15
CW 3628698 3 63
BO 3628698 3 57
CW 3628698 4 31
BO 3628698 4 6
BO 3634051 8 1
BO 3639511 8 14
BO 3644971 10 4
CW 3650440 4 15
BO 3650440 4 2
BO 3655900 10 11
BO 3661351 4 13
BO 3666811 7 0
BO 3666811 7 3
BO 3672262 9 10
BO 3677731 7 2
BO 3683182 8 2
BO 3688642 7 1
BO 3694093 8 3
CW 3699603 7 31
BO 3699603 7 16
CW 3699603 10 31
BO 3699603 10 7
CW 3705024 8 31
BO 3705024 8 16
CW 3705024 4 31
BO 3705024 4 29
CW 3705024 9 31
BO 3705024 9 8
CW 3710431 10 15
BO 3710431 10 5
CW 3715882 6 15
BO 3715882 6 12
CW 3721342 1 15
BO 3721342 1 8
CW 3726802 5 15
BO 3726802 5 15
BO 3732253 10 6
CW 3737781 7 63
BO 3737781 7 9
CW 3737781 9 63
BO 3737781 9 29
BO 3743143 1 14
BO 3748594 10 13
BO 3754045 6 0
BO 3754045 6 15
CW 3759514 8 15
BO 3759514 8 1
BO 3764974 8 3
BO 3770434 5 15
CW 3775885 7 15
BO 3775885 7 11
BO 3781336 8 5
CW 3786805 3 15
BO 3786805 3 12
CW 3792315 1 31
BO 3792315 1 30
CW 3792315 10 31
BO 3792315 10 28
BO 3797668 8 4
CW 3803178 4 63
BO 3803178 4 5
CW 3803178 6 31
BO 3803178 6 2
CW 3808608 8 31
BO 3808608 8 27
CW 3808608 7 31
BO 3808608 7 23
CW 3813952 2 15
BO 3813952 2 4
CW 3819471 5 31
BO 3819471 5 15
CW 3819471 6 63
BO 3819471 6 12
BO 3824824 3 13
CW 3830334 2 31
BO 3830334 2 8
CW 3830334 4 127
BO 3830334 4 97
CW 3835687 9 15
BO 3835687 9 8
CW 3841269 9 31
BO 3841269 9 24
CW 3841269 2 63
BO 3841269 2 6
CW 3846613 6 15
BO 3846613 6 7
BO 3852064 3 12
CW 3857524 5 15
BO 3857524 5 9
CW 3862993 10 15
BO 3862993 10 2
CW 3868503 7 63
BO 3868503 7 14
CW 3868503 2 127
BO 3868503 2 48
CW 3873906 1 63
BO 3873906 1 38
CW 3873906 6 31
BO 3873906 6 21
BO 3879250 10 0
BO 3879250 10 7
CW 3884710 8 15
BO 3884710 8 7
BO 3890170 5 5
BO 3895621 3 14
BO 3901090 10 9
CW 3906609 5 31
BO 3906609 5 20
CW 3906609 8 31
BO 3906609 8 23
CW 3911980 7 15
BO 3911980 7 3
CW 3917440 9 15
BO 3917440 9 12
CW 3922959 7 31
BO 3922959 7 19
CW 3922959 10 31
BO 3922959 10 7
BO 3928312 3 0
BO 3928312 3 12
CW 3933772 6 15
BO 3933772 6 1
BO 3939232 6 3
CW 3944769 6 31
BO 3944769 6 4
CW 3944769 10 63
BO 3944769 10 31
BO 3950113 9 14
BO 3955591 3 14
CW 3961042 6 15
BO 3961042 6 3
CW 3966493 5 15
BO 3966493 5 5
CW 3972021 6 31
BO 3972021 6 30
CW 3972021 8 63
BO 3972021 8 1
CW 3977365 1 15
BO 3977365 1 13
CW 3982816 7 15
BO 3982816 7 13
CW 3988326 5 31
BO 3988326 5 15
CW 3988326 8 127
BO 3988326 8 123
BO 3993688 9 2
BO 3999157 9 15
CW 4004667 2 255
BO 4004667 2 33
CW 4004667 3 31
BO 4004667 3 23
BO 4010047 1 5
BO 4015498 7 14
BO 4020985 1 5
CW 4026436 5 15
BO 4026436 5 0
BO 4026436 5 8
CW 4031887 10 15
BO 4031887 10 8
BO 4037347 9 8
BO 4042807 1 4
CW 4048344 7 31
BO 4048344 7 10
CW 4048344 5 31
BO 4048344 5 13
CW 4053747 1 31
BO 4053747 1 21
CW 4053747 6 63
BO 4053747 6 22
CW 4053747 10 31
BO 4053747 10 15
BO 4059100 9 7
CW 4064587 3 15
BO 4064587 3 12
CW 4070047 4 15
BO 4070047 4 12
BO 4075498 9 10
CW 4080949 7 15
BO 4080949 7 15
CW 4086418 5 15
BO 4086418 5 13
CW 4091887 2 15
BO 4091887 2 8
CW 4097338 10 15
BO 4097338 10 12
BO 4102798 3 6
BO 4108249 9 6
BO 4113700 4 13
CW 4119160 1 15
BO 4119160 1 0
BO 4119160 1 11
CW 4124611 6 15
BO 4124611 6 9
BO 4130062 2 0
BO 4130062 2 9
CW 4135572 7 31
BO 4135572 7 24
CW 4135572 3 31
BO 4135572 3 9
CW 4140975 5 31
BO 4140975 5 21
CW 4140975 9 31
BO 4140975 9 27
BO 4146337 10 4
BO 4151815 6 0
BO 4151815 6 4
CW 4157325 10 31
BO 4157325 10 4
CW 4157325 4 31
BO 4157325 4 23
CW 4157325 1 31
BO 4157325 1 29
CW 4157325 2 31
BO 4157325 2 10
CW 4162678 3 15
BO 4162678 3 6
BO 4168138 6 6
CW 4173607 10 15
BO 4173607 10 5
BO 4179067 3 1
CW 4184586 3 31
BO 4184586 3 7
CW 4184586 6 31
BO 4184586 6 11
CW 4189998 10 31
BO 4189998 10 28
CW 4189998 2 63
BO 4189998 2 23
CW 4195428 5 63
BO 4195428 5 37
CW 4195428 7 63
BO 4195428 7 57
CW 4200799 3 15
BO 4200799 3 9
CW 4206259 9 15
BO 4206259 9 1
CW 4211778 9 31
BO 4211778 9 0
BO 4211778 9 10
CW 4211778 6 63
BO 4211778 6 52
CW 4217122 4 15
BO 4217122 4 2
BO 4222591 4 9
BO 4228051 3 0
BO 4228051 3 1
CW 4233502 1 15
BO 4233502 1 11
BO 4238953 3 9
CW 4244431 9 15
BO 4244431 9 15
BO 4249891 4 15
CW 4255351 2 15
BO 4255351 2 14
BO 4260811 3 15
BO 4266262 1 14
CW 4271722 10 15
BO 4271722 10 5
BO 4277218 10 0
BO 4277218 10 7
BO 4282669 9 8
BO 4288129 4 6
BO 4293580 2 0
BO 4293580 2 7
CW 4299108 5 127
BO 4299108 5 120
CW 4299108 3 31
BO 4299108 3 8
CW 4299108 1 31
BO 4299108 1 3
BO 4304452 10 11
CW 4309971 8 255
BO 4309971 8 238
CW 4309971 9 31
BO 4309971 9 10
CW 4309971 4 31
BO 4309971 4 21
CW 4315383 2 31
BO 4315383 2 10
CW 4315383 1 63
BO 4315383 1 54
CW 4320763 3 15
BO 4320763 3 0
BO 4320763 3 6
BO 4326232 10 5
CW 4331701 9 15
BO 4331701 9 5
BO 4337152 3 13
BO 4342612 10 4
CW 4348122 6 127
BO 4348122 6 38
CW 4348122 7 127
BO 4348122 7 94
CW 4353466 2 15
BO 4353466 2 2
BO 4358917 9 12
CW 4364436 2 31
BO 4364436 2 7
CW 4364436 10 31
BO 4364436 10 5
CW 4369798 4 15
BO 4369798 4 7
BO 4375276 3 4
CW 4380736 10 15
BO 4380736 10 2
CW 4386255 4 31
BO 4386255 4 7
CW 4386255 2 63
BO 4386255 2 22
CW 4386255 9 31
BO 4386255 9 19
CW 4391658 10 31
BO 4391658 10 12
CW 4391658 3 31
BO 4391658 3 25
CW 4397065 4 15
BO 4397065 4 0
BO 4397065 4 12
CW 4402615 9 15
BO 4402615 9 3
CW 4408125 4 31
BO 4408125 4 18
CW 4408125 10 63
BO 4408125 10 60
CW 4413478 2 15
BO 4413478 2 2
CW 4418988 9 31
BO 4418988 9 7
CW 4418988 6 255
BO 4418988 6 31
BO 4424341 2 0
BO 4424341 2 4
CW 4429810 1 15
BO 4429810 1 10
BO 4435270 2 12
CW 4440798 9 63
BO 4440798 9 63
CW 4440798 3 63
BO 4440798 3 53
BO 4446187 1 3
CW 4451647 4 15
BO 4451647 4 2
CW 4457166 1 31
BO 4457166 1 0
BO 4457166 1 25
CW 4457166 2 31
BO 4457166 2 7
BO 4462510 4 12
CW 4468024 2 15
BO 4468024 2 7
CW 4473570 4 31
BO 4473570 4 13
CW 4473570 6 511
BO 4473570 6 119
BO 4478932 2 3
BO 4484410 2 4
BO 4489897 2 6
CW 4495348 1 15
BO 4495348 1 8
CW 4500826 4 15
BO 4500826 4 10
BO 4506286 2 13
CW 4511814 1 31
BO 4511814 1 19
CW 4511814 7 255
BO 4511814 7 143
CW 4517185 10 15
BO 4517185 10 3
CW 4522704 5 255
BO 4522704 5 241
CW 4522704 4 31
BO 4522704 4 12
BO 4528057 10 2
CW 4533585 10 31
BO 4533585 10 2
CW 4533585 2 31
BO 4533585 2 20
CW 4538947 3 15
BO 4538947 3 12
CW 4544416 10 15
BO 4544416 10 9
CW 4549894 4 15
BO 4549894 4 13
CW 4555422 1 63
BO 4555422 1 41
CW 4555422 9 127
BO 4555422 9 28
CW 4560843 3 31
BO 4560843 3 10
CW 4560843 10 31
BO 4560843 10 14
CW 4566309 2 63
BO 4566309 2 58
CW 4566309 4 31
BO 4566309 4 6
CW 4571743 3 15
BO 4571743 3 5
CW 4577221 10 15
BO 4577221 10 8
BO 4582681 3 14
CW 4588132 4 15
BO 4588132 4 8
CW 4593601 9 15
BO 4593601 9 0
BO 4593601 9 11
BO 4599070 10 3
BO 4604539 4 11
BO 4609990 10 6
BO 4615468 3 4
BO 4620919 9 2
CW 4626370 1 15
BO 4626370 1 3
BO 4631821 10 11
BO 4637272 9 11
BO 4642723 3 13
BO 4648174 1 5
BO 4653625 4 5
BO 4659112 1 15
BO 4664563 4 9
BO 4670023 10 5
BO 4675474 9 13
BO 4680943 3 0
BO 4680943 3 6
BO 4686403 10 8
BO 4691863 4 14
BO 4697332 3 10
BO 4702792 1 13
CW 4708311 9 31
BO 4708311 9 7
CW 4708311 10 31
BO 4708311 10 17
CW 4713682 6 15
BO 4713682 6 13
BO 4719151 3 15
CW 4724661 2 127
BO 4724661 2 88
CW 4724661 4 31
BO 4724661 4 10
CW 4730091 9 63
BO 4730091 9 32
CW 4730091 1 31
BO 4730091 1 22
BO 4735480 6 8
CW 4740958 10 15
BO 4740958 10 9
CW 4746468 4 63
BO 4746468 4 1
CW 4746468 3 31
BO 4746468 3 13
BO 4751839 6 10
CW 4757299 4 15
BO 4757299 4 9
CW 4762759 8 15
BO 4762759 8 12
BO 4768210 10 1
BO 4773670 10 1
BO 4779130 10 0
BO 4779130 10 15
BO 4784590 6 5
BO 4790041 4 9
CW 4795560 3 63
BO 4795560 3 52
CW 4795560 1 63
BO 4795560 1 55
CW 4800981 6 31
BO 4800981 6 4
CW 4800981 8 31
BO 4800981 8 25
BO 4806361 4 15
CW 4811880 9 127
BO 4811880 9 7
CW 4811880 7 511
BO 4811880 7 275
BO 4817224 10 1
CW 4822743 10 31
BO 4822743 10 13
CW 4822743 6 63
BO 4822743 6 40
CW 4828132 9 15
BO 4828132 9 4
CW 4833678 9 31
BO 4833678 9 4
CW 4833678 4 31
BO 4833678 4 14
CW 4839094 10 15
BO 4839094 10 5
CW 4844545 8 15
BO 4844545 8 13
CW 4850023 9 15
BO 4850023 9 14
BO 4855474 10 8
CW 4861056 10 31
BO 4861056 10 6
CW 4861056 4 63
BO 4861056 4 44
CW 4861056 8 31
BO 4861056 8 13
BO 4866436 9 10
CW 4871905 3 15
BO 4871905 3 8
CW 4877374 1 15
BO 4877374 1 2
CW 4882884 10 63
BO 4882884 10 27
CW 4882884 6 127
BO 4882884 6 109
CW 4882884 2 255
BO 4882884 2 191
BO 4888237 1 8
BO 4893697 9 1
BO 4899148 3 15
BO 4904599 9 5
CW 4910050 8 15
BO 4910050 8 14
BO 4915528 1 8
BO 4920979 9 2
BO 4926448 9 7
BO 4931935 1 12
BO 4937386 3 10
BO 4942837 8 1
BO 4948288 9 5
BO 4953739 8 6
BO 4959226 9 15
CW 4964677 10 15
BO 4964677 10 4
BO 4970128 8 10
BO 4975579 3 9
BO 4981030 1 13
BO 4986490 10 3
CW 4991959 4 15
BO 4991959 4 10
BO 4997410 10 9
CW 5002938 8 31
BO 5002938 8 24
CW 5002938 3 31
BO 5002938 3 23
BO 5008300 9 4
BO 5013760 1 7
CW 5019279 4 31
BO 5019279 4 18
CW 5019279 10 31
BO 5019279 10 29
BO 5024623 9 10
CW 5030083 5 15
BO 5030083 5 5
BO 5035552 1 9
BO 5041021 5 3
BO 5046490 9 12
BO 5051941 5 1
BO 5057401 5 0
BO 5057401 5 6
BO 5062852 1 12
CW 5068389 4 63
BO 5068389 4 2
CW 5068389 3 63
BO 5068389 3 14
CW 5073733 8 15
BO 5073733 8 3
BO 5079184 5 4
CW 5084644 4 15
BO 5084644 4 11
CW 5090154 8 31
BO 5090154 8 9
CW 5090154 9 31
BO 5090154 9 6
BO 5095507 5 4
BO 5100967 1 1
CW 5106486 1 31
BO 5106486 1 15
CW 5106486 10 63
BO 5106486 10 37
BO 5111830 5 6
CW 5117290 9 15
BO 5117290 9 2
CW 5122809 3 127
BO 5122809 3 91
CW 5122809 4 31
BO 5122809 4 1
CW 5128212 9 31
BO 5128212 9 6
CW 5128212 8 63
BO 5128212 8 3
CW 5133624 5 31
BO 5133624 5 12
CW 5133624 4 63
BO 5133624 4 33
CW 5138995 8 15
BO 5138995 8 5
CW 5144464 9 15
BO 5144464 9 8
CW 5149924 1 15
BO 5149924 1 8
BO 5155375 8 7
BO 5160871 9 2
CW 5166322 5 15
BO 5166322 5 1
CW 5171832 8 31
BO 5171832 8 0
BO 5171832 8 12
CW 5171832 1 31
BO 5171832 1 8
CW 5177235 5 31
BO 5177235 5 7
CW 5177235 9 31
BO 5177235 9 1
CW 5182615 6 15
BO 5182615 6 5
CW 5188075 9 15
BO 5188075 9 5
CW 5193535 1 15
BO 5193535 1 13
BO 5198995 6 9
CW 5204707 10 15
BO 5204707 10 8
CW 5210217 9 31
BO 5210217 9 0
BO 5210217 9 4
CW 5210217 5 63
BO 5210217 5 41
CW 5210217 8 63
BO 5210217 8 61
CW 5215606 4 15
BO 5215606 4 7
CW 5221125 6 31
BO 5221125 6 5
CW 5221125 10 31
BO 5221125 10 10
BO 5226478 1 1
CW 5231929 9 15
BO 5231929 9 5
BO 5237380 1 14
BO 5242840 4 7
CW 5248300 6 15
BO 5248300 6 13
BO 5253751 9 2
BO 5259220 9 11
CW 5264671 10 15
BO 5264671 10 5
BO 5270122 4 5
CW 5275668 10 31
BO 5275668 10 18
CW 5275668 1 31
BO 5275668 1 11
BO 5281012 4 15
BO 5286472 6 13
BO 5291932 9 2
BO 5297401 9 4
CW 5302947 9 31
BO 5302947 9 29
CW 5302947 1 63
BO 5302947 1 45
CW 5308377 4 31
BO 5308377 4 12
CW 5308377 6 31
BO 5308377 6 9
CW 5313739 10 15
BO 5313739 10 8
CW 5319190 5 15
BO 5319190 5 15
BO 5324704 10 1
CW 5330155 6 15
BO 5330155 6 10
CW 5335665 10 31
BO 5335665 10 30
CW 5335665 3 255
BO 5335665 3 175
CW 5341018 4 15
BO 5341018 4 1
BO 5346478 4 9
BO 5351938 5 10
CW 5357475 8 127
BO 5357475 8 123
CW 5357475 6 31
BO 5357475 6 5
BO 5362846 4 6
CW 5368365 9 63
BO 5368365 9 14
CW 5368365 2 511
BO 5368365 2 448
BO 5373709 5 12
CW 5379178 6 15
BO 5379178 6 0
BO 5379178 6 9
BO 5384629 4 12
CW 5390211 5 31
BO 5390211 5 9
CW 5390211 6 31
BO 5390211 6 28
CW 5395623 9 127
BO 5395623 9 36
CW 5395623 1 127
BO 5395623 1 35
CW 5400967 10 15
BO 5400967 10 4
BO 5406418 4 1
BO 5411878 4 13
BO 5417338 10 7
CW 5422816 5 15
BO 5422816 5 9
BO 5428294 10 6
CW 5433763 7 15
BO 5433763 7 5
BO 5439214 4 0
BO 5439214 4 9
BO 5444674 5 8
BO 5450125 10 12
BO 5455585 7 14
BO 5461072 4 1
CW 5466582 6 63
BO 5466582 6 24
CW 5466582 5 31
BO 5466582 5 29
BO 5471926 4 0
BO 5471926 4 1
BO 5477386 4 11
BO 5482846 10 14
CW 5488315 1 15
BO 5488315 1 3
CW 5493825 9 255
BO 5493825 9 79
CW 5493825 7 31
BO 5493825 7 22
BO 5499187 1 10
BO 5504656 4 5
BO 5510143 10 10
BO 5515594 4 11
BO 5521054 1 1
BO 5526514 1 5
CW 5531965 6 15
BO 5531965 6 12
CW 5537511 1 31
BO 5537511 1 8
CW 5537511 5 63
BO 5537511 5 32
CW 5537511 10 31
BO 5537511 10 12
BO 5542864 4 8
CW 5548324 7 15
BO 5548324 7 3
CW 5553861 7 31
BO 5553861 7 19
CW 5553861 6 31
BO 5553861 6 22
CW 5559282 1 63
BO 5559282 1 27
CW 5559282 4 31
BO 5559282 4 24
CW 5564653 10 15
BO 5564653 10 10
BO 5570194 10 0
BO 5570194 10 4
CW 5575740 10 31
BO 5575740 10 3
CW 5575740 7 63
BO 5575740 7 9
CW 5581102 6 15
BO 5581102 6 2
CW 5586553 5 15
BO 5586553 5 8
BO 5592013 6 7
CW 5597464 10 15
BO 5597464 10 4
CW 5602924 4 15
BO 5602924 4 14
CW 5608452 10 31
BO 5608452 10 10
CW 5608452 1 127
BO 5608452 1 8
CW 5613855 7 127
BO 5613855 7 68
CW 5613855 5 31
BO 5613855 5 1
BO 5619199 6 1
CW 5624650 8 15
BO 5624650 8 15
CW 5630160 6 31
BO 5630160 6 18
CW 5630160 5 63
BO 5630160 5 24
CW 5635549 1 15
BO 5635549 1 4
CW 5641068 10 63
BO 5641068 10 8
CW 5641068 4 31
BO 5641068 4 8
BO 5646430 1 7
CW 5651899 9 15
BO 5651899 9 4
BO 5657350 8 0
BO 5657350 8 2
BO 5662819 8 4
CW 5668329 9 31
BO 5668329 9 15
CW 5668329 1 31
BO 5668329 1 31
CW 5673732 10 127
BO 5673732 10 124
CW 5673732 4 63
BO 5673732 4 49
BO 5679094 8 12
CW 5684554 6 15
BO 5684554 6 12
CW 5690050 5 15
BO 5690050 5 2
BO 5695519 5 6
CW 5701038 9 63
BO 5701038 9 21
CW 5701038 8 31
BO 5701038 8 0
BO 5701038 8 1
BO 5706391 6 11
CW 5711842 3 15
BO 5711842 3 15
CW 5717293 8 15
BO 5717293 8 4
BO 5722744 5 1
BO 5728204 5 12
BO 5733664 8 4
CW 5739210 8 31
BO 5739210 8 19
CW 5739210 6 31
BO 5739210 6 19
CW 5744563 1 15
BO 5744563 1 3
BO 5750032 3 2
CW 5755542 1 31
BO 5755542 1 15
CW 5755542 5 31
BO 5755542 5 2
BO 5760895 3 7
CW 5766355 9 15
BO 5766355 9 7
CW 5771806 5 15
BO 5771806 5 2
BO 5777275 5 10
BO 5782735 3 1
CW 5788186 7 15
BO 5788186 7 0
BO 5788186 7 13
CW 5793696 3 31
BO 5793696 3 30
CW 5793696 9 31
BO 5793696 9 1
CW 5799126 8 63
BO 5799126 8 40
CW 5799126 6 63
BO 5799126 6 28
CW 5804470 4 15
BO 5804470 4 2
CW 5809980 1 63
BO 5809980 1 29
CW 5809980 9 63
BO 5809980 9 6
BO 5815324 5 8
BO 5820775 4 2
BO 5826244 4 4
BO 5831704 7 5
CW 5837155 9 15
BO 5837155 9 0
BO 5837155 9 5
CW 5842674 4 31
BO 5842674 4 2
CW 5842674 5 31
BO 5842674 5 13
BO 5848036 7 12
BO 5853487 9 4
CW 5858947 4 15
BO 5858947 4 13
BO 5864416 9 15
BO 5869921 7 11
CW 5875372 5 15
BO 5875372 5 13
CW 5880823 6 15
BO 5880823 6 9
CW 5886274 3 15
BO 5886274 3 4
BO 5891725 4 0
BO 5891725 4 0
CW 5897235 1 127
BO 5897235 1 40
CW 5897235 4 31
BO 5897235 4 18
BO 5902597 3 4
BO 5908048 9 12
CW 5913576 7 31
BO 5913576 7 15
CW 5913576 6 31
BO 5913576 6 15
BO 5918920 3 3
CW 5924371 8 15
BO 5924371 8 1
BO 5929822 5 10
BO 5935273 8 12
BO 5940724 3 10
BO 5946211 9 1
BO 5951671 9 9
BO 5957131 5 13
CW 5962582 4 15
BO 5962582 4 5
BO 5968033 3 12
CW 5973543 7 63
BO 5973543 7 37
CW 5973543 6 63
BO 5973543 6 47
CW 5973543 8 31
BO 5973543 8 20
BO 5978914 4 0
BO 5978914 4 5
BO 5984365 9 1
BO 5989825 9 13
BO 5995294 4 7
BO 6000745 5 1
BO 6006196 3 5
Spatial Reuse Statistics
Scenario: logdistance
APs: 1
Nodes per AP: 10
Distance between APs [m]: 10
Radius [m]: 0.1
Uplink [Mbps]: 400
Downlink [Mbps]: 0
Uplink Efficiency   11.6573 [%]
Downlink Efficiency 0 [%]
Throughput,  AP1 Uplink   [Mbps] : 46.6291
Throughput,  AP1 Downlink [Mbps] : 0
Total Throughput Uplink   [Mbps] : 46.6291
Total Throughput Downlink [Mbps] : 0
Spatial Reuse Stats written to: spatial-reuse-SR-stats-Sim0_1.dat
0 matching data points
0 matching data points
0 matching data points
0 matching data points
0 matching data points
0 matching data points
Complete.  Removing the following files:
../../../spatial-reuse-A-Sim0_1.flowmon
../../../spatial-reuse-SR-stats-Sim0_1.dat
../../../spatial-reuse-operatorA-Sim0_1
../../../spatial-reuse-positions-Sim0_1.csv
../../../spatial-reuse-state-Sim0_1.dat
../../../spatial-reuse-tgax-calibration-timings-Sim0_1.dat
